PValue	SNPName	SNPChr	SNPChrPos	Gene	ProbeChr	ProbeCenterChrPos
2.43713E-17	SNP7-139806190	7	140159721	MKRN4P	23	40693738
2.78921E-13	rs8092725	18	2738259	AK3P3	7	23168797
2.78921E-13	SNP18-2719177	18	2729177	AK3P3	7	23168797
8.34293E-13	SNP18-2724200	18	2734200	AK3P3	7	23168797
3.17392E-12	rs8092725	18	2738259	MTND5P4	4	17063501
3.17392E-12	SNP18-2719177	18	2729177	MTND5P4	4	17063501
7.82042E-12	SNP18-2724200	18	2734200	MTND5P4	4	17063501
9.45264E-12	rs8092725	18	2738259	RPS29P22	17	26443432
9.45264E-12	SNP18-2719177	18	2729177	RPS29P22	17	26443432
1.67807E-11	rs8092725	18	2738259	TIGD1	2	233415226
1.67807E-11	SNP18-2719177	18	2729177	TIGD1	2	233415226
1.72484E-11	rs11165922	1	98336823	TCTEX1D2	3	196045170
2.0279E-11	rs2304859	18	2750477	KRTAP19-8	21	32410795
2.0279E-11	SNP18-2730714	18	2740714	KRTAP19-8	21	32410795
2.0279E-11	rs2347807	18	2751925	KRTAP19-8	21	32410795
2.96296E-11	SNP18-2724200	18	2734200	RPS29P22	17	26443432
3.23185E-11	rs8092725	18	2738259	CICP12	7	55865727
3.23185E-11	SNP18-2719177	18	2729177	CICP12	7	55865727
4.27555E-11	SNP18-2724200	18	2734200	TIGD1	2	233415226
5.5941E-11	rs8092725	18	2738259	BRK1P2	13	91676208
5.5941E-11	SNP18-2719177	18	2729177	BRK1P2	13	91676208
6.11906E-11	rs2304859	18	2750477	BRK1P2	13	91676208
6.11906E-11	SNP18-2730714	18	2740714	BRK1P2	13	91676208
6.11906E-11	rs2347807	18	2751925	BRK1P2	13	91676208
7.3273E-11	rs8092725	18	2738259	RNU1-63P	4	68295472
7.3273E-11	SNP18-2719177	18	2729177	RNU1-63P	4	68295472
7.34685E-11	SNP18-2724200	18	2734200	CICP12	7	55865727
8.01067E-11	rs8092725	18	2738259	AKIRIN1P1	12	80955339
8.01067E-11	SNP18-2719177	18	2729177	AKIRIN1P1	12	80955339
8.76786E-11	SNP18-2724200	18	2734200	RN7SL111P	2	118773959
1.14236E-10	SNP18-2724200	18	2734200	BRK1P2	13	91676208
1.24453E-10	rs8092725	18	2738259	COX5BP8	1	179224868
1.24453E-10	SNP18-2719177	18	2729177	COX5BP8	1	179224868
1.48216E-10	rs8092725	18	2738259	RNA5SP146	3	156891829
1.48216E-10	SNP18-2719177	18	2729177	RNA5SP146	3	156891829
2.09242E-10	SNP18-2724200	18	2734200	RNU1-63P	4	68295472
2.27982E-10	rs2304859	18	2750477	RNU6-1	15	68132383
2.27982E-10	SNP18-2730714	18	2740714	RNU6-1	15	68132383
2.27982E-10	rs2347807	18	2751925	RNU6-1	15	68132383
2.27982E-10	SNP18-2724200	18	2734200	AKIRIN1P1	12	80955339
2.93829E-10	rs2304859	18	2750477	DPP10-AS3	2	115591125
2.93829E-10	SNP18-2730714	18	2740714	DPP10-AS3	2	115591125
2.93829E-10	rs2347807	18	2751925	DPP10-AS3	2	115591125
3.19517E-10	SNP18-2724200	18	2734200	COX5BP8	1	179224868
3.47394E-10	rs8092725	18	2738259	RN7SL135P	8	64147468
3.47394E-10	SNP18-2719177	18	2729177	RN7SL135P	8	64147468
3.78125E-10	rs8092725	18	2738259	TRAPPC2P7	24	20818076
3.78125E-10	SNP18-2719177	18	2729177	TRAPPC2P7	24	20818076
4.10453E-10	SNP18-2724200	18	2734200	RNA5SP146	3	156891829
4.10453E-10	rs8092725	18	2738259	RN7SL111P	2	118773959
4.10453E-10	SNP18-2719177	18	2729177	RN7SL111P	2	118773959
4.85256E-10	rs8092725	18	2738259	XKRYP6	24	28089415
4.85256E-10	SNP18-2719177	18	2729177	XKRYP6	24	28089415
5.27155E-10	rs8092725	18	2738259	MRPS10P1	1	169959208
5.27155E-10	SNP18-2719177	18	2729177	MRPS10P1	1	169959208
6.21025E-10	rs8092725	18	2738259	RN7SL542P	7	21255431
6.21025E-10	SNP18-2719177	18	2729177	RN7SL542P	7	21255431
6.7176E-10	SNP18-2724200	18	2734200	KRTAP2-1	17	39203568
6.73462E-10	rs8092725	18	2738259	KRTAP2-1	17	39203568
6.73462E-10	SNP18-2719177	18	2729177	KRTAP2-1	17	39203568
7.31133E-10	rs8092725	18	2738259	RNU2-36P	9	89038043
7.31133E-10	SNP18-2719177	18	2729177	RNU2-36P	9	89038043
9.31067E-10	rs8092725	18	2738259	MTND1P9	20	55933425
9.31067E-10	rs2304859	18	2750477	MTND4LP7	9	94872857
9.31067E-10	SNP18-2730714	18	2740714	MTND4LP7	9	94872857
9.31067E-10	rs2347807	18	2751925	MTND4LP7	9	94872857
9.31067E-10	SNP18-2719177	18	2729177	MTND1P9	20	55933425
1.00383E-9	SNP18-2724200	18	2734200	RN7SL135P	8	64147468
1.00509E-9	SNP18-2724200	18	2734200	TRAPPC2P7	24	20818076
1.00887E-9	rs8092725	18	2738259	CAPNS2	16	55600584
1.00887E-9	rs2304859	18	2750477	RNU6-807P	15	102188515
1.00887E-9	SNP18-2730714	18	2740714	RNU6-807P	15	102188515
1.00887E-9	rs2347807	18	2751925	RNU6-807P	15	102188515
1.00887E-9	SNP18-2719177	18	2729177	CAPNS2	16	55600584
1.08755E-9	SNP18-2724200	18	2734200	XKRYP6	24	28089415
1.18397E-9	rs8092725	18	2738259	UBE2V1P8	1	41408188
1.18397E-9	rs8092725	18	2738259	RN7SL294P	3	75232198
1.18397E-9	rs8092725	18	2738259	MT1P3	20	33805812
1.18397E-9	rs8092725	18	2738259	PPIAP86	8	66289827
1.18397E-9	SNP18-2719177	18	2729177	UBE2V1P8	1	41408188
1.18397E-9	SNP18-2719177	18	2729177	RN7SL294P	3	75232198
1.18397E-9	SNP18-2719177	18	2729177	MT1P3	20	33805812
1.18397E-9	SNP18-2719177	18	2729177	PPIAP86	8	66289827
1.27433E-9	SNP18-2724200	18	2734200	RN7SL542P	7	21255431
1.2807E-9	rs2304859	18	2750477	RNU6ATAC11P	10	43837234
1.2807E-9	SNP18-2730714	18	2740714	RNU6ATAC11P	10	43837234
1.2807E-9	rs2347807	18	2751925	RNU6ATAC11P	10	43837234
1.38684E-9	rs8092725	18	2738259	OR4N5	14	20611895
1.38684E-9	SNP18-2719177	18	2729177	OR4N5	14	20611895
1.49225E-9	SNP18-2724200	18	2734200	RNU2-36P	9	89038043
1.49967E-9	rs2304859	18	2750477	DCANP1	5	134783038
1.49967E-9	SNP18-2730714	18	2740714	DCANP1	5	134783038
1.49967E-9	rs2347807	18	2751925	DCANP1	5	134783038
1.61342E-9	SNP18-2724200	18	2734200	MRPS10P1	1	169959208
1.75498E-9	rs8092725	18	2738259	SEPT14P24	7	56428234
1.75498E-9	SNP18-2719177	18	2729177	SEPT14P24	7	56428234
1.88522E-9	SNP18-2724200	18	2734200	CAPNS2	16	55600584
1.89922E-9	SNP18-2690204	18	2700204	AK3P3	7	23168797
2.03736E-9	rs700635	2	202153225	PTCSC2	9	100572290
2.215E-9	rs8092725	18	2738259	CRYGEP	2	208977235
2.215E-9	SNP18-2719177	18	2729177	CRYGEP	2	208977235
2.37836E-9	SNP18-2724200	18	2734200	UBE2V1P8	1	41408188
2.37836E-9	SNP18-2724200	18	2734200	MTND1P9	20	55933425
2.37836E-9	SNP18-2724200	18	2734200	RN7SL294P	3	75232198
2.37836E-9	SNP18-2724200	18	2734200	MT1P3	20	33805812
2.37836E-9	SNP18-2724200	18	2734200	PPIAP86	8	66289827
2.58486E-9	SNP18-2690204	18	2700204	MTND5P4	4	17063501
2.58803E-9	rs8092725	18	2738259	AHCYP8	1	248885502
2.58803E-9	SNP18-2719177	18	2729177	AHCYP8	1	248885502
2.77133E-9	SNP18-2724200	18	2734200	OR4N5	14	20611895
2.7883E-9	rs2304859	18	2750477	RNU1-31P	2	237119191
2.7883E-9	rs2304859	18	2750477	RNU6ATAC2P	5	55593516
2.7883E-9	SNP18-2730714	18	2740714	RNU1-31P	2	237119191
2.7883E-9	SNP18-2730714	18	2740714	RNU6ATAC2P	5	55593516
2.7883E-9	rs2347807	18	2751925	RNU1-31P	2	237119191
2.7883E-9	rs2347807	18	2751925	RNU6ATAC2P	5	55593516
2.7917E-9	rs8092725	18	2738259	OR5J7P	11	55932976
2.7917E-9	rs8092725	18	2738259	RNU1-146P	12	19877369
2.7917E-9	rs8092725	18	2738259	MIR599	8	100548958
2.7917E-9	SNP18-2719177	18	2729177	OR5J7P	11	55932976
2.7917E-9	SNP18-2719177	18	2729177	RNU1-146P	12	19877369
2.7917E-9	SNP18-2719177	18	2729177	MIR599	8	100548958
3.01462E-9	rs8092725	18	2738259	RNU6-960P	6	111412535
3.01462E-9	SNP18-2719177	18	2729177	RNU6-960P	6	111412535
3.22726E-9	SNP18-2724200	18	2734200	SEPT14P24	7	56428234
3.25484E-9	rs2304859	18	2750477	RN7SKP81	23	142178133
3.25484E-9	rs2304859	18	2750477	HIST2H2BD	1	149814606
3.25484E-9	SNP18-2730714	18	2740714	RN7SKP81	23	142178133
3.25484E-9	SNP18-2730714	18	2740714	HIST2H2BD	1	149814606
3.25484E-9	rs2347807	18	2751925	RN7SKP81	23	142178133
3.25484E-9	rs2347807	18	2751925	HIST2H2BD	1	149814606
3.5094E-9	rs8092725	18	2738259	RN7SKP81	23	142178133
3.5094E-9	rs8092725	18	2738259	RNU4-50P	8	59727111
3.5094E-9	SNP18-2719177	18	2729177	RN7SKP81	23	142178133
3.5094E-9	SNP18-2719177	18	2729177	RNU4-50P	8	59727111
4.08288E-9	rs8092725	18	2738259	LAMTOR3P1	13	37496676
4.08288E-9	rs8092725	18	2738259	COX17P1	13	47064997
4.08288E-9	rs8092725	18	2738259	DKKL1P1	20	29861973
4.08288E-9	SNP18-2719177	18	2729177	LAMTOR3P1	13	37496676
4.08288E-9	SNP18-2719177	18	2729177	COX17P1	13	47064997
4.08288E-9	SNP18-2719177	18	2729177	DKKL1P1	20	29861973
4.40021E-9	rs2304859	18	2750477	NUTF2P4	1	113290717
4.40021E-9	SNP18-2730714	18	2740714	NUTF2P4	1	113290717
4.40021E-9	rs2347807	18	2751925	NUTF2P4	1	113290717
4.73578E-9	rs2304859	18	2750477	ACTL9	19	8809172
4.73578E-9	SNP18-2730714	18	2740714	ACTL9	19	8809172
4.73578E-9	rs2347807	18	2751925	ACTL9	19	8809172
4.74148E-9	rs8092725	18	2738259	ENTPD8	9	140336268
4.74148E-9	rs8092725	18	2738259	NUTF2P4	1	113290717
4.74148E-9	SNP18-2719177	18	2729177	ENTPD8	9	140336268
4.74148E-9	SNP18-2719177	18	2729177	NUTF2P4	1	113290717
5.05352E-9	SNP18-2724200	18	2734200	CRYGEP	2	208977235
5.0596E-9	SNP18-2724200	18	2734200	OR5J7P	11	55932976
5.0596E-9	SNP18-2724200	18	2734200	MIR599	8	100548958
5.10233E-9	rs2304859	18	2750477	TPT1P12	12	9308968
5.10233E-9	SNP18-2730714	18	2740714	TPT1P12	12	9308968
5.10233E-9	rs2347807	18	2751925	TPT1P12	12	9308968
5.10846E-9	rs2304859	18	2750477	RN7SL668P	1	235039934
5.10846E-9	SNP18-2730714	18	2740714	RN7SL668P	1	235039934
5.10846E-9	rs2347807	18	2751925	RN7SL668P	1	235039934
5.45049E-9	SNP18-2724200	18	2734200	AHCYP8	1	248885502
5.50302E-9	rs8092725	18	2738259	RPL36AP40	11	25610389
5.50302E-9	SNP18-2719177	18	2729177	RPL36AP40	11	25610389
5.50962E-9	rs8092725	18	2738259	HMGN1P11	4	63376187
5.50962E-9	rs8092725	18	2738259	PSMD10P1	20	49530268
5.50962E-9	rs8092725	18	2738259	RBBP4P2	3	93796019
5.50962E-9	rs8092725	18	2738259	VCY	24	16098393
5.50962E-9	rs2304859	18	2750477	RPS29P17	9	35592783
5.50962E-9	SNP18-2730714	18	2740714	RPS29P17	9	35592783
5.50962E-9	rs2347807	18	2751925	RPS29P17	9	35592783
5.50962E-9	SNP18-2719177	18	2729177	HMGN1P11	4	63376187
5.50962E-9	SNP18-2719177	18	2729177	PSMD10P1	20	49530268
5.50962E-9	SNP18-2719177	18	2729177	RBBP4P2	3	93796019
5.50962E-9	SNP18-2719177	18	2729177	VCY	24	16098393
5.86367E-9	SNP18-2724200	18	2734200	RNU6-960P	6	111412535
5.86367E-9	SNP18-2724200	18	2734200	RNU4-50P	8	59727111
5.92007E-9	rs2304859	18	2750477	MTND5P4	4	17063501
5.92007E-9	SNP18-2730714	18	2740714	MTND5P4	4	17063501
5.92007E-9	rs2347807	18	2751925	MTND5P4	4	17063501
5.92716E-9	rs8092725	18	2738259	RNA5SP141	3	134502397
5.92716E-9	SNP18-2719177	18	2729177	RNA5SP141	3	134502397
6.31481E-9	SNP18-2724200	18	2734200	PSMD10P1	20	49530268
6.38304E-9	rs8092725	18	2738259	RNU6-1	15	68132383
6.38304E-9	rs8092725	18	2738259	RPS15AP12	1	220317693
6.38304E-9	rs12046751	1	74670172	LINC02611	2	99385473
6.38304E-9	SNP18-2719177	18	2729177	RNU6-1	15	68132383
6.38304E-9	SNP18-2719177	18	2729177	RPS15AP12	1	220317693
6.79153E-9	SNP18-2724200	18	2734200	RNU1-146P	12	19877369
6.79153E-9	SNP18-2724200	18	2734200	RN7SKP81	23	142178133
7.39935E-9	rs8092725	18	2738259	RN7SL108P	14	68703255
7.39935E-9	rs8092725	18	2738259	DPP10-AS3	2	115591125
7.39935E-9	rs8092725	18	2738259	RPS29P17	9	35592783
7.39935E-9	rs2304859	18	2750477	CICP12	7	55865727
7.39935E-9	SNP18-2730714	18	2740714	CICP12	7	55865727
7.39935E-9	rs2347807	18	2751925	CICP12	7	55865727
7.39935E-9	SNP18-2719177	18	2729177	RN7SL108P	14	68703255
7.39935E-9	SNP18-2719177	18	2729177	DPP10-AS3	2	115591125
7.39935E-9	SNP18-2719177	18	2729177	RPS29P17	9	35592783
7.86156E-9	SNP18-2724200	18	2734200	LAMTOR3P1	13	37496676
7.86156E-9	rs11165922	1	98336823	PBK	8	27695612
7.95543E-9	rs8092725	18	2738259	CKBP1	16	46878530
7.95543E-9	SNP18-2719177	18	2729177	CKBP1	16	46878530
8.45135E-9	SNP18-2724200	18	2734200	DKKL1P1	20	29861973
8.56219E-9	rs8092725	18	2738259	RN7SL861P	1	162747521
8.56219E-9	SNP18-2719177	18	2729177	RN7SL861P	1	162747521
9.09482E-9	SNP18-2724200	18	2734200	COX17P1	13	47064997
9.1921E-9	rs8092725	18	2738259	HSPB1P2	23	49090960
9.1921E-9	SNP18-2719177	18	2729177	HSPB1P2	23	49090960
9.89027E-9	rs8092725	18	2738259	SMARCE1P4	8	36952668
9.89027E-9	SNP18-2719177	18	2729177	SMARCE1P4	8	36952668
9.90194E-9	rs8092725	18	2738259	PIK3CDP1	2	6636930
9.90194E-9	SNP18-2719177	18	2729177	PIK3CDP1	2	6636930
1.0503E-8	SNP18-2724200	18	2734200	RNU6-1	15	68132383
1.0503E-8	SNP18-2724200	18	2734200	ENTPD8	9	140336268
1.0503E-8	SNP18-2724200	18	2734200	NUTF2P4	1	113290717
1.06399E-8	rs8092725	18	2738259	MED15P4	2	132294561
1.06399E-8	rs8092725	18	2738259	HIST2H2BD	1	149814606
1.06399E-8	rs2304859	18	2750477	AKIRIN1P1	12	80955339
1.06399E-8	SNP18-2730714	18	2740714	AKIRIN1P1	12	80955339
1.06399E-8	rs2347807	18	2751925	AKIRIN1P1	12	80955339
1.06399E-8	SNP18-2719177	18	2729177	MED15P4	2	132294561
1.06399E-8	SNP18-2719177	18	2729177	HIST2H2BD	1	149814606
1.12711E-8	rs11165922	1	98336823	AGRN	1	955503
1.12711E-8	SNP18-2724200	18	2734200	RPL36AP40	11	25610389
1.12843E-8	SNP18-2724200	18	2734200	RN7SL108P	14	68703255
1.12843E-8	SNP18-2724200	18	2734200	RBBP4P2	3	93796019
1.12843E-8	SNP18-2724200	18	2734200	RNA5SP141	3	134502397
1.14177E-8	rs8092725	18	2738259	RN7SKP196	10	60628944
1.14177E-8	rs2304859	18	2750477	MANEA-DT	6	96025326
1.14177E-8	rs3812848	13	75859948	USP9YP23	24	19894090
1.14177E-8	SNP18-2730714	18	2740714	MANEA-DT	6	96025326
1.14177E-8	rs2347807	18	2751925	MANEA-DT	6	96025326
1.14177E-8	SNP18-2719177	18	2729177	RN7SKP196	10	60628944
1.22651E-8	rs8092725	18	2738259	CHMP1AP1	1	28013980
1.22651E-8	SNP18-2719177	18	2729177	CHMP1AP1	1	28013980
1.31889E-8	rs8092725	18	2738259	RNU6-1188P	12	116520375
1.31889E-8	rs8092725	18	2738259	MTCO3P11	9	5100236
1.31889E-8	rs2304859	18	2750477	RNU7-13P	1	184790623
1.31889E-8	SNP18-2730714	18	2740714	RNU7-13P	1	184790623
1.31889E-8	rs2347807	18	2751925	RNU7-13P	1	184790623
1.31889E-8	SNP18-2719177	18	2729177	RNU6-1188P	12	116520375
1.31889E-8	SNP18-2719177	18	2729177	MTCO3P11	9	5100236
1.39664E-8	SNP18-2724200	18	2734200	DPP10-AS3	2	115591125
1.39664E-8	SNP18-2724200	18	2734200	HMGN1P11	4	63376187
1.4147E-8	rs2304859	18	2750477	SMARCE1P4	8	36952668
1.4147E-8	SNP18-2730714	18	2740714	SMARCE1P4	8	36952668
1.4147E-8	rs2347807	18	2751925	SMARCE1P4	8	36952668
1.41635E-8	rs8092725	18	2738259	KRTAP19-8	21	32410795
1.41635E-8	SNP18-2719177	18	2729177	KRTAP19-8	21	32410795
1.49793E-8	SNP18-2724200	18	2734200	VCY	24	16098393
1.51903E-8	rs3812848	13	75859948	RNU6-1	15	68132383
1.51903E-8	SNP18-2690204	18	2700204	RN7SKP91	1	31316670
1.60822E-8	SNP18-2724200	18	2734200	RN7SL861P	1	162747521
1.60822E-8	SNP18-2724200	18	2734200	RPS29P17	9	35592783
1.63082E-8	rs8092725	18	2738259	RNU1-31P	2	237119191
1.63082E-8	rs8092725	18	2738259	OR7E101P	13	47034744
1.63082E-8	rs8092725	18	2738259	RNU6ATAC2P	5	55593516
1.63082E-8	rs2304859	18	2750477	RN7SKP196	10	60628944
1.63082E-8	SNP18-2730714	18	2740714	RN7SKP196	10	60628944
1.63082E-8	rs2347807	18	2751925	RN7SKP196	10	60628944
1.63082E-8	SNP18-2719177	18	2729177	RNU1-31P	2	237119191
1.63082E-8	SNP18-2719177	18	2729177	OR7E101P	13	47034744
1.63082E-8	SNP18-2719177	18	2729177	RNU6ATAC2P	5	55593516
1.71837E-8	rs11165922	1	98336823	DCLRE1A	10	115614142
1.71837E-8	rs11165922	1	98336823	SEPT7	7	35840542
1.72236E-8	SNP18-2724200	18	2734200	HSPB1P2	23	49090960
1.72436E-8	SNP18-2724200	18	2734200	RPS15AP12	1	220317693
1.74855E-8	rs2304859	18	2750477	KCNA6	12	4918342
1.74855E-8	rs2304859	18	2750477	RN7SKP87	9	103343661
1.74855E-8	SNP18-2730714	18	2740714	KCNA6	12	4918342
1.74855E-8	SNP18-2730714	18	2740714	RN7SKP87	9	103343661
1.74855E-8	rs2347807	18	2751925	KCNA6	12	4918342
1.74855E-8	rs2347807	18	2751925	RN7SKP87	9	103343661
1.75058E-8	SNP18-2690204	18	2700204	RPS29P22	17	26443432
1.85079E-8	SNP18-2724200	18	2734200	MTCO3P11	9	5100236
1.97474E-8	rs11165922	1	98336823	PFDN4	20	52824386
1.98389E-8	SNP18-2724200	18	2734200	CKBP1	16	46878530
1.98389E-8	SNP18-2724200	18	2734200	HIST2H2BD	1	149814606
2.01626E-8	rs8092725	18	2738259	RPLP0P1	20	16567338
2.01626E-8	SNP18-2719177	18	2729177	RPLP0P1	20	16567338
2.01626E-8	SNP18-2690204	18	2700204	RNU1-63P	4	68295472
2.12382E-8	SNP18-2724200	18	2734200	SMARCE1P4	8	36952668
2.12627E-8	SNP18-2724200	18	2734200	PIK3CDP1	2	6636930
2.12627E-8	SNP18-2724200	18	2734200	RNU6-1188P	12	116520375
2.1609E-8	rs8092725	18	2738259	MIR1200	7	36959037
2.1609E-8	rs8092725	18	2738259	RPS12P18	10	81303843
2.1609E-8	rs8092725	18	2738259	RPS8P3	18	49372000
2.1609E-8	SNP18-2719177	18	2729177	MIR1200	7	36959037
2.1609E-8	SNP18-2719177	18	2729177	RPS12P18	10	81303843
2.1609E-8	SNP18-2719177	18	2729177	RPS8P3	18	49372000
2.26808E-8	rs11165922	1	98336823	GORASP2	2	171784974
2.27593E-8	SNP18-2724200	18	2734200	RANP9	8	32897041
2.31292E-8	rs8092725	18	2738259	RNU6ATAC11P	10	43837234
2.31292E-8	rs2304859	18	2750477	RNU6-1174P	3	134499469
2.31292E-8	SNP18-2730714	18	2740714	RNU6-1174P	3	134499469
2.31292E-8	rs2347807	18	2751925	RNU6-1174P	3	134499469
2.31292E-8	SNP18-2719177	18	2729177	RNU6ATAC11P	10	43837234
2.31558E-8	rs8092725	18	2738259	AQP12A	2	241631262
2.31558E-8	rs8092725	18	2738259	CD24P1	1	15941362
2.31558E-8	rs8092725	18	2738259	RNU6ATAC39P	10	12498482
2.31558E-8	rs2304859	18	2750477	RN7SL542P	7	21255431
2.31558E-8	SNP18-2730714	18	2740714	RN7SL542P	7	21255431
2.31558E-8	rs2347807	18	2751925	RN7SL542P	7	21255431
2.31558E-8	SNP18-2719177	18	2729177	AQP12A	2	241631262
2.31558E-8	SNP18-2719177	18	2729177	CD24P1	1	15941362
2.31558E-8	SNP18-2719177	18	2729177	RNU6ATAC39P	10	12498482
2.42741E-8	rs11165922	1	98336823	FZD3	8	28351729
2.4386E-8	SNP18-2724200	18	2734200	CHMP1AP1	1	28013980
2.4386E-8	SNP18-2724200	18	2734200	RN7SKP196	10	60628944
2.4414E-8	SNP18-2724200	18	2734200	KRTAP19-8	21	32410795
2.48099E-8	rs8092725	18	2738259	MIR30B	8	135812850
2.48099E-8	rs2304859	18	2750477	HIGD1AP5	11	18128130
2.48099E-8	rs3812848	13	75859948	OR2AS1P	1	248713058
2.48099E-8	rs3812848	13	75859948	COX5AP2	14	52584320
2.48099E-8	SNP18-2730714	18	2740714	HIGD1AP5	11	18128130
2.48099E-8	rs2347807	18	2751925	HIGD1AP5	11	18128130
2.48099E-8	SNP18-2719177	18	2729177	MIR30B	8	135812850
2.61552E-8	SNP18-2724200	18	2734200	MED15P4	2	132294561
2.65785E-8	SNP17-30620270	17	33596157	LINC00642	14	90921574
2.6609E-8	rs8092725	18	2738259	NRTN	19	5823818
2.6609E-8	SNP18-2719177	18	2729177	NRTN	19	5823818
2.84691E-8	rs8092725	18	2738259	ACTL9	19	8809172
2.84691E-8	rs2304859	18	2750477	RNA5SP152	4	8394742
2.84691E-8	rs3812848	13	75859948	RPS29P17	9	35592783
2.84691E-8	SNP18-2730714	18	2740714	RNA5SP152	4	8394742
2.84691E-8	rs2347807	18	2751925	RNA5SP152	4	8394742
2.84691E-8	SNP18-2719177	18	2729177	ACTL9	19	8809172
2.85017E-8	rs33988592	3	121415610	SPIDR	8	48173167
2.9972E-8	SNP18-2724200	18	2734200	RNU1-31P	2	237119191
2.9972E-8	SNP18-2724200	18	2734200	RNU6ATAC2P	5	55593516
3.05247E-8	rs8092725	18	2738259	SAPCD2P2	7	57484207
3.05247E-8	SNP18-2719177	18	2729177	SAPCD2P2	7	57484207
3.23165E-8	rs116016	14	71577480	RNU6-1128P	22	31618839
3.4327E-8	SNP18-2724200	18	2734200	DYNLT3P1	20	17460076
3.43661E-8	SNP18-2724200	18	2734200	MIR1200	7	36959037
3.49574E-8	rs3812848	13	75859948	USP9YP16	24	20285685
3.49972E-8	rs8092725	18	2738259	RNU6-26P	3	98523928
3.49972E-8	rs8092725	18	2738259	MTATP6P14	1	107346049
3.49972E-8	rs4712860	6	24837206	RN7SL705P	18	60317827
3.49972E-8	SNP18-2719177	18	2729177	RNU6-26P	3	98523928
3.49972E-8	SNP18-2719177	18	2729177	MTATP6P14	1	107346049
3.67913E-8	SNP18-2724200	18	2734200	AQP12A	2	241631262
3.74231E-8	rs2304859	18	2750477	VWA8P1	5	68150912
3.74231E-8	SNP18-2730714	18	2740714	VWA8P1	5	68150912
3.74231E-8	rs2347807	18	2751925	VWA8P1	5	68150912
3.74656E-8	rs16994271	20	7958460	TMEM61	1	55446465
3.9293E-8	SNP18-2724200	18	2734200	RNU6ATAC11P	10	43837234
3.93376E-8	SNP18-2724200	18	2734200	RPLP0P1	20	16567338
3.93376E-8	SNP18-2724200	18	2734200	RPS12P18	10	81303843
3.93376E-8	SNP18-2724200	18	2734200	LINC01621	6	80516942
4.00571E-8	rs8092725	18	2738259	RN7SKP91	1	31316670
4.00571E-8	SNP18-2719177	18	2729177	RN7SKP91	1	31316670
4.01024E-8	rs10770819	12	21670410	RSF1-IT1	11	77450613
4.29189E-8	rs8092725	18	2738259	MT1JP	16	56669651
4.29189E-8	rs8092725	18	2738259	COPS5P1	6	93802478
4.29189E-8	rs2304859	18	2750477	KRT18P54	4	136293079
4.29189E-8	SNP18-2730714	18	2740714	KRT18P54	4	136293079
4.29189E-8	rs2347807	18	2751925	KRT18P54	4	136293079
4.29189E-8	SNP18-2719177	18	2729177	MT1JP	16	56669651
4.29189E-8	SNP18-2719177	18	2729177	COPS5P1	6	93802478
4.49528E-8	SNP18-2724200	18	2734200	OR7E101P	13	47034744
4.49528E-8	SNP18-2724200	18	2734200	MIR30B	8	135812850
4.50036E-8	SNP18-2724200	18	2734200	RNU6ATAC39P	10	12498482
4.58233E-8	rs2304859	18	2750477	FGFR1OP2P1	13	27479499
4.58233E-8	SNP18-2730714	18	2740714	FGFR1OP2P1	13	27479499
4.58233E-8	rs2347807	18	2751925	FGFR1OP2P1	13	27479499
4.58233E-8	SNP19-62958004	19	58266192	ASGR1	17	7082883
4.5875E-8	rs8092725	18	2738259	LINC01621	6	80516942
4.5875E-8	rs8092725	18	2738259	RNU7-13P	1	184790623
4.5875E-8	rs4796	3	32523777	P2RY12	3	151102600
4.5875E-8	SNP18-2719177	18	2729177	LINC01621	6	80516942
4.5875E-8	SNP18-2719177	18	2729177	RNU7-13P	1	184790623
4.76671E-8	rs11165922	1	98336823	SSBP1	7	141438121
4.80986E-8	SNP18-2724200	18	2734200	CD24P1	1	15941362
4.9028E-8	rs2304859	18	2750477	OXT	20	3052266
4.9028E-8	rs2304859	18	2750477	WFIKKN1	16	679239
4.9028E-8	SNP18-2730714	18	2740714	OXT	20	3052266
4.9028E-8	SNP18-2730714	18	2740714	WFIKKN1	16	679239
4.9028E-8	rs2347807	18	2751925	OXT	20	3052266
4.9028E-8	rs2347807	18	2751925	WFIKKN1	16	679239
4.90832E-8	rs2304859	18	2750477	MT4	16	56598961
4.90832E-8	SNP18-2730714	18	2740714	MT4	16	56598961
4.90832E-8	rs2347807	18	2751925	MT4	16	56598961
4.90832E-8	rs4082155	3	47125385	DCLRE1C	10	14996431
4.90832E-8	SNP18-2690204	18	2700204	MRPS10P1	1	169959208
5.14573E-8	rs3758911	11	107197640	LINC02212	5	10502840
5.18636E-8	rs1044417	6	11183587	INF2	14	105155943
5.24495E-8	rs8092725	18	2738259	RPS16P5	6	53202144
5.24495E-8	rs2146333	6	36457018	AK2	1	33546597
5.24495E-8	rs2304859	18	2750477	RPS29P4	1	175266216
5.24495E-8	rs2304859	18	2750477	RNU6-1188P	12	116520375
5.24495E-8	SNP6-36554953	6	36446975	AK2	1	33546597
5.24495E-8	SNP18-2730714	18	2740714	RPS29P4	1	175266216
5.24495E-8	SNP18-2730714	18	2740714	RNU6-1188P	12	116520375
5.24495E-8	rs1061632	6	36457484	AK2	1	33546597
5.24495E-8	rs2347807	18	2751925	RPS29P4	1	175266216
5.24495E-8	rs2347807	18	2751925	RNU6-1188P	12	116520375
5.24495E-8	SNP18-2719177	18	2729177	RPS16P5	6	53202144
5.49195E-8	SNP18-2724200	18	2734200	ACTL9	19	8809172
5.49811E-8	rs2053588	14	96846092	TPSG1	16	1275257
5.60391E-8	rs2304859	18	2750477	HAUS1P1	5	139961089
5.60391E-8	SNP18-2730714	18	2740714	HAUS1P1	5	139961089
5.60391E-8	rs2347807	18	2751925	HAUS1P1	5	139961089
5.6102E-8	rs8092725	18	2738259	RNU1-87P	6	37883349
5.6102E-8	rs8092725	18	2738259	A2ML1-AS2	12	8973309
5.6102E-8	rs8092725	18	2738259	IFNWP4	9	21106404
5.6102E-8	rs2304859	18	2750477	OR5M7P	11	56268747
5.6102E-8	rs1366	12	21669027	RSF1-IT1	11	77450613
5.6102E-8	SNP18-2730714	18	2740714	OR5M7P	11	56268747
5.6102E-8	rs2347807	18	2751925	OR5M7P	11	56268747
5.6102E-8	SNP18-2719177	18	2729177	RNU1-87P	6	37883349
5.6102E-8	SNP18-2719177	18	2729177	A2ML1-AS2	12	8973309
5.6102E-8	SNP18-2719177	18	2729177	IFNWP4	9	21106404
5.6102E-8	SNP18-2690204	18	2700204	CICP12	7	55865727
5.81495E-8	rs11165922	1	98336823	INTS8	8	95825539
5.87383E-8	rs11184430	1	104096692	NOXO1	16	2034193
5.98663E-8	rs8092725	18	2738259	TPT1P12	12	9308968
5.98663E-8	rs2304859	18	2750477	KRT19P1	6	72294424
5.98663E-8	SNP18-2730714	18	2740714	KRT19P1	6	72294424
5.98663E-8	rs2347807	18	2751925	KRT19P1	6	72294424
5.98663E-8	SNP18-2719177	18	2729177	TPT1P12	12	9308968
5.99333E-8	rs8092725	18	2738259	SRP14P3	17	47872705
5.99333E-8	SNP18-2719177	18	2729177	SRP14P3	17	47872705
6.27438E-8	SNP18-2724200	18	2734200	MTATP6P14	1	107346049
6.27438E-8	SNP18-2724200	18	2734200	SAPCD2P2	7	57484207
6.27438E-8	SNP18-2724200	18	2734200	RPS8P3	18	49372000
6.32362E-8	rs1043276	6	47594002	LYRM1	16	20911190
6.33069E-8	rs318486	6	2890283	RPL7AP65	17	18215218
6.39462E-8	rs3812848	13	75859948	FANK1-AS1	10	127661695
6.39462E-8	SNP18-2690204	18	2700204	RN7SL135P	8	64147468
6.40176E-8	rs1570372	6	11184090	INF2	14	105155943
6.62704E-8	rs11165922	1	98336823	MREG	2	216898819
6.65666E-8	SNP2-201859408	2	202151163	PTCSC2	9	100572290
6.83711E-8	rs2304859	18	2750477	OR10D3	11	124055923
6.83711E-8	SNP18-2730714	18	2740714	OR10D3	11	124055923
6.83711E-8	rs2347807	18	2751925	OR10D3	11	124055923
6.84473E-8	rs8092725	18	2738259	RNU1-75P	1	119874148
6.84473E-8	rs2304859	18	2750477	MIR1200	7	36959037
6.84473E-8	rs2304859	18	2750477	KRTAP2-1	17	39203568
6.84473E-8	SNP18-2730714	18	2740714	MIR1200	7	36959037
6.84473E-8	SNP18-2730714	18	2740714	KRTAP2-1	17	39203568
6.84473E-8	rs2347807	18	2751925	MIR1200	7	36959037
6.84473E-8	rs2347807	18	2751925	KRTAP2-1	17	39203568
6.84473E-8	SNP18-2719177	18	2729177	RNU1-75P	1	119874148
7.0772E-8	rs11165922	1	98336823	NFU1	2	69664760
7.0772E-8	rs11165922	1	98336823	COPB1	11	14521573
7.14842E-8	SNP18-2724200	18	2734200	NRTN	19	5823818
7.30107E-8	rs2304859	18	2750477	PRLH	2	238475217
7.30107E-8	SNP18-2730714	18	2740714	PRLH	2	238475217
7.30107E-8	rs2347807	18	2751925	PRLH	2	238475217
7.30919E-8	rs2304859	18	2750477	LINC01167	10	134775741
7.30919E-8	SNP18-2730714	18	2740714	LINC01167	10	134775741
7.30919E-8	rs2347807	18	2751925	LINC01167	10	134775741
7.30919E-8	rs1886045	13	46728583	CCDC136	7	128430811
7.63281E-8	SNP18-2724200	18	2734200	RNU6-26P	3	98523928
7.63281E-8	SNP18-2724200	18	2734200	RNU7-13P	1	184790623
7.79545E-8	rs8092725	18	2738259	MYL6P3	10	66929627
7.79545E-8	SNP18-2719177	18	2729177	MYL6P3	10	66929627
7.80411E-8	rs8092725	18	2738259	DYNLL1P6	4	100963249
7.80411E-8	rs2304859	18	2750477	MTATP6P14	1	107346049
7.80411E-8	SNP18-2730714	18	2740714	MTATP6P14	1	107346049
7.80411E-8	rs2347807	18	2751925	MTATP6P14	1	107346049
7.80411E-8	SNP18-2719177	18	2729177	DYNLL1P6	4	100963249
8.05912E-8	rs11165922	1	98336823	SNRPE	1	203830731
8.13989E-8	SNP18-2724200	18	2734200	TPT1P12	12	9308968
8.13989E-8	SNP18-2724200	18	2734200	RN7SKP91	1	31316670
8.14891E-8	SNP18-2724200	18	2734200	RPS16P5	6	53202144
8.3222E-8	rs3812848	13	75859948	IFNWP4	9	21106404
8.33141E-8	rs8092725	18	2738259	EID3	12	104697517
8.33141E-8	rs8092725	18	2738259	GCNT1P2	5	22580928
8.33141E-8	rs2304859	18	2750477	RPS8P6	3	351005
8.33141E-8	rs2304859	18	2750477	RBBP4P2	3	93796019
8.33141E-8	rs2304859	18	2750477	RNA5SP146	3	156891829
8.33141E-8	rs2304859	18	2750477	COX5BP2	6	136356293
8.33141E-8	SNP18-2730714	18	2740714	RPS8P6	3	351005
8.33141E-8	SNP18-2730714	18	2740714	RBBP4P2	3	93796019
8.33141E-8	SNP18-2730714	18	2740714	RNA5SP146	3	156891829
8.33141E-8	SNP18-2730714	18	2740714	COX5BP2	6	136356293
8.33141E-8	rs2347807	18	2751925	RPS8P6	3	351005
8.33141E-8	rs2347807	18	2751925	RBBP4P2	3	93796019
8.33141E-8	rs2347807	18	2751925	RNA5SP146	3	156891829
8.33141E-8	rs2347807	18	2751925	COX5BP2	6	136356293
8.33141E-8	SNP18-2719177	18	2729177	EID3	12	104697517
8.33141E-8	SNP18-2719177	18	2729177	GCNT1P2	5	22580928
8.59358E-8	rs11165922	1	98336823	PDCD5	19	33072096
8.63167E-8	rs419598	2	113887207	LINC01357	1	113392650
8.67953E-8	SNP10-96987469	10	96997479	LINC02197	5	70742169
8.67953E-8	SNP10-96987425	10	96997435	LINC02197	5	70742169
8.68913E-8	SNP18-2724200	18	2734200	RNU1-87P	6	37883349
8.88333E-8	rs3812848	13	75859948	RN7SKP81	23	142178133
8.89315E-8	rs8092725	18	2738259	BRCC3P1	5	175735066
8.89315E-8	rs8092725	18	2738259	SELENOKP2	6	132141231
8.89315E-8	rs8092725	18	2738259	ACTN4P1	4	117519317
8.89315E-8	SNP18-2719177	18	2729177	BRCC3P1	5	175735066
8.89315E-8	SNP18-2719177	18	2729177	SELENOKP2	6	132141231
8.89315E-8	SNP18-2719177	18	2729177	ACTN4P1	4	117519317
8.89315E-8	SNP18-2690204	18	2700204	AKIRIN1P1	12	80955339
9.21298E-8	rs1127796	15	75193004	HOMER3	19	19052041
9.26395E-8	SNP18-2724200	18	2734200	UBE2DNL	23	84189248
9.27417E-8	SNP18-2724200	18	2734200	MT1JP	16	56669651
9.27417E-8	SNP18-2724200	18	2734200	COPS5P1	6	93802478
9.48101E-8	rs8092725	18	2738259	RNU6-824P	6	155146413
9.48101E-8	rs2304859	18	2750477	TXNP3	1	112905903
9.48101E-8	rs3812848	13	75859948	NUTF2P4	1	113290717
9.48101E-8	SNP18-2730714	18	2740714	TXNP3	1	112905903
9.48101E-8	rs2347807	18	2751925	TXNP3	1	112905903
9.48101E-8	SNP18-2719177	18	2729177	RNU6-824P	6	155146413
9.49147E-8	rs8092725	18	2738259	HMGN1P8	3	167412430
9.49147E-8	rs2304859	18	2750477	RN7SL861P	1	162747521
9.49147E-8	rs2304859	18	2750477	COX5BP8	1	179224868
9.49147E-8	rs2304859	18	2750477	AK3P3	7	23168797
9.49147E-8	rs2304859	18	2750477	TLX3	5	170736288
9.49147E-8	rs2304859	18	2750477	RPS29P22	17	26443432
9.49147E-8	SNP18-2730714	18	2740714	RN7SL861P	1	162747521
9.49147E-8	SNP18-2730714	18	2740714	COX5BP8	1	179224868
9.49147E-8	SNP18-2730714	18	2740714	AK3P3	7	23168797
9.49147E-8	SNP18-2730714	18	2740714	TLX3	5	170736288
9.49147E-8	SNP18-2730714	18	2740714	RPS29P22	17	26443432
9.49147E-8	rs3743266	15	60781513	PPP3R1	2	68488362
9.49147E-8	rs2347807	18	2751925	RN7SL861P	1	162747521
9.49147E-8	rs2347807	18	2751925	COX5BP8	1	179224868
9.49147E-8	rs2347807	18	2751925	AK3P3	7	23168797
9.49147E-8	rs2347807	18	2751925	TLX3	5	170736288
9.49147E-8	rs2347807	18	2751925	RPS29P22	17	26443432
9.49147E-8	SNP18-2719177	18	2729177	HMGN1P8	3	167412430
9.76734E-8	rs11165922	1	98336823	RWDD1	6	116892530
9.76734E-8	rs11165922	1	98336823	CCNE2	8	95908906
9.76734E-8	rs11165922	1	98336823	RMND1	6	151773259
1.01064E-7	rs8092725	18	2738259	CCDC166	8	144790279
1.01064E-7	rs2304859	18	2750477	CBX1P2	23	17118362
1.01064E-7	SNP18-2730714	18	2740714	CBX1P2	23	17118362
1.01064E-7	rs2347807	18	2751925	CBX1P2	23	17118362
1.01064E-7	SNP18-2719177	18	2729177	CCDC166	8	144790279
1.01064E-7	rs3211105	10	64945364	ADCYAP1R1	7	31092076
1.01175E-7	SNP14-34568194	14	35498443	UBE2HP1	8	82167105
1.01175E-7	SNP14-34568236	14	35498485	UBE2HP1	8	82167105
1.01175E-7	rs8092725	18	2738259	MTND3P12	15	58442834
1.01175E-7	rs8092725	18	2738259	TGFBR3L	19	7981030
1.01175E-7	rs2304859	18	2750477	DEFB112	6	50016364
1.01175E-7	SNP18-2730714	18	2740714	DEFB112	6	50016364
1.01175E-7	rs2347807	18	2751925	DEFB112	6	50016364
1.01175E-7	SNP18-2719177	18	2729177	MTND3P12	15	58442834
1.01175E-7	SNP18-2719177	18	2729177	TGFBR3L	19	7981030
1.01175E-7	SNP18-2690204	18	2700204	ENTPD8	9	140336268
1.01175E-7	rs696520	3	136056861	OR2B3	6	29055090
1.05492E-7	SNP18-2724200	18	2734200	SRP14P3	17	47872705
1.0654E-7	rs1106346	3	122354037	PCSK4	19	1490407
1.07835E-7	rs221924	14	71580778	RNU6-1128P	22	31618839
1.07953E-7	rs8092725	18	2738259	RPL4P6	22	40984007
1.07953E-7	rs8092725	18	2738259	FABP5P12	4	159947291
1.07953E-7	rs2304859	18	2750477	AP1S2P1	7	97066830
1.07953E-7	SNP18-2730714	18	2740714	AP1S2P1	7	97066830
1.07953E-7	rs2347807	18	2751925	AP1S2P1	7	97066830
1.07953E-7	SNP18-2719177	18	2729177	RPL4P6	22	40984007
1.07953E-7	SNP18-2719177	18	2729177	FABP5P12	4	159947291
1.12426E-7	SNP18-2724200	18	2734200	RNU1-75P	1	119874148
1.12426E-7	SNP18-2724200	18	2734200	IFNWP4	9	21106404
1.15044E-7	rs3812848	13	75859948	SUMO2P7	17	48313206
1.1517E-7	rs8092725	18	2738259	ZDHHC4P1	13	43507994
1.1517E-7	rs2304859	18	2750477	USP9YP23	24	19894090
1.1517E-7	SNP18-2730714	18	2740714	USP9YP23	24	19894090
1.1517E-7	rs2347807	18	2751925	USP9YP23	24	19894090
1.1517E-7	SNP18-2719177	18	2729177	ZDHHC4P1	13	43507994
1.18367E-7	rs11165922	1	98336823	IFI35	17	41158742
1.19932E-7	rs11184430	1	104096692	ARHGDIG	16	318726
1.22584E-7	rs3812848	13	75859948	BRK1P2	13	91676208
1.22718E-7	rs8092725	18	2738259	PDIA3P1	1	146649692
1.22718E-7	rs8092725	18	2738259	RN7SL831P	1	97048768
1.22718E-7	rs2304859	18	2750477	RN7SKP154	2	134148970
1.22718E-7	SNP18-2730714	18	2740714	RN7SKP154	2	134148970
1.22718E-7	rs2347807	18	2751925	RN7SKP154	2	134148970
1.22718E-7	SNP18-2719177	18	2729177	PDIA3P1	1	146649692
1.22718E-7	SNP18-2719177	18	2729177	RN7SL831P	1	97048768
1.22718E-7	rs2236259	6	154478893	IGLVI-56	22	22552960
1.22718E-7	SNP18-2690204	18	2700204	TIGD1	2	233415226
1.2598E-7	rs11165922	1	98336823	ACTR6	12	100592900
1.30744E-7	SNP5-35915186	5	35879429	OR8J3	11	55905194
1.30744E-7	rs8092725	18	2738259	RANP9	8	32897041
1.30744E-7	rs8092725	18	2738259	SNORA2A	12	49050565
1.30744E-7	rs8092725	18	2738259	KRTAP3-4P	17	39161012
1.30744E-7	rs8092725	18	2738259	SNRPGP6	10	118168768
1.30744E-7	rs2304859	18	2750477	RNU6-344P	6	106752051
1.30744E-7	SNP5-35913671	5	35877914	OR8J3	11	55905194
1.30744E-7	rs3812848	13	75859948	NDUFS5P2	1	97050283
1.30744E-7	SNP18-2730714	18	2740714	RNU6-344P	6	106752051
1.30744E-7	rs2347807	18	2751925	RNU6-344P	6	106752051
1.30744E-7	SNP18-2719177	18	2729177	RANP9	8	32897041
1.30744E-7	SNP18-2719177	18	2729177	SNORA2A	12	49050565
1.30744E-7	SNP18-2719177	18	2729177	KRTAP3-4P	17	39161012
1.30744E-7	SNP18-2719177	18	2729177	SNRPGP6	10	118168768
1.30887E-7	rs8092725	18	2738259	CDY10P	24	23800927
1.30887E-7	rs8092725	18	2738259	OR2AS1P	1	248713058
1.30887E-7	rs2304859	18	2750477	RPL23AP44	5	120912015
1.30887E-7	SNP18-2730714	18	2740714	RPL23AP44	5	120912015
1.30887E-7	rs2347807	18	2751925	RPL23AP44	5	120912015
1.30887E-7	SNP18-2719177	18	2729177	CDY10P	24	23800927
1.30887E-7	SNP18-2719177	18	2729177	OR2AS1P	1	248713058
1.34212E-7	rs11165922	1	98336823	MNAT1	14	61201460
1.36127E-7	SNP18-2724200	18	2734200	A2ML1-AS2	12	8973309
1.39277E-7	rs8092725	18	2738259	DYNLT3P1	20	17460076
1.39277E-7	rs2304859	18	2750477	MTND5P5	4	102893580
1.39277E-7	SNP18-2730714	18	2740714	MTND5P5	4	102893580
1.39277E-7	rs2347807	18	2751925	MTND5P5	4	102893580
1.39277E-7	SNP18-2719177	18	2729177	DYNLT3P1	20	17460076
1.39428E-7	rs8092725	18	2738259	MTCO3P23	15	58442474
1.39428E-7	rs2304859	18	2750477	LY6H	8	144242128
1.39428E-7	rs2304859	18	2750477	CCL27	9	34664045
1.39428E-7	SNP18-2730714	18	2740714	LY6H	8	144242128
1.39428E-7	SNP18-2730714	18	2740714	CCL27	9	34664045
1.39428E-7	rs1059513	12	57489709	SNORA77	1	203698709
1.39428E-7	rs2347807	18	2751925	LY6H	8	144242128
1.39428E-7	rs2347807	18	2751925	CCL27	9	34664045
1.39428E-7	SNP18-2719177	18	2729177	MTCO3P23	15	58442474
1.44998E-7	SNP18-2724200	18	2734200	HMGN1P8	3	167412430
1.44998E-7	SNP18-2724200	18	2734200	SELENOKP2	6	132141231
1.48508E-7	rs2304859	18	2750477	EEF1A1P39	10	30591001
1.48508E-7	rs13155212	5	76343999	TRDN-AS1	6	123760757
1.48508E-7	SNP18-2730714	18	2740714	EEF1A1P39	10	30591001
1.48508E-7	rs2347807	18	2751925	EEF1A1P39	10	30591001
1.48508E-7	SNP6-17719272	6	17611293	EFCAB14-AS1	1	47139708
1.48669E-7	rs712192	7	158526185	UNC93B3	3	75673000
1.48669E-7	rs8092725	18	2738259	RPS15AP32	12	113491867
1.48669E-7	SNP18-2719177	18	2729177	RPS15AP32	12	113491867
1.52099E-7	rs11165922	1	98336823	ERCC8	5	60240900
1.52099E-7	rs11165922	1	98336823	FBXO4	5	41925356
1.52099E-7	rs11165922	1	98336823	SNRPF	12	96252706
1.52264E-7	rs11165922	1	98336823	CARS	11	3078843
1.54261E-7	rs2268433	14	90866346	ALDH1L2	12	105478355
1.54261E-7	SNP18-2724200	18	2734200	SNORA2A	12	49050565
1.54428E-7	SNP18-2724200	18	2734200	DYNLL1P6	4	100963249
1.54428E-7	SNP18-2724200	18	2734200	GCNT1P2	5	22580928
1.5833E-7	rs8092725	18	2738259	RPL30P2	2	152988069
1.5833E-7	rs7693363	4	164499999	RAD17	5	68665120
1.5833E-7	rs1051221	8	132982824	PCDHGA11	5	140800762
1.5833E-7	SNP18-2719177	18	2729177	RPL30P2	2	152988069
1.5833E-7	SNP18-2690204	18	2700204	TRAPPC2P7	24	20818076
1.61975E-7	rs11165922	1	98336823	SMIM19	8	42396298
1.64272E-7	SNP18-2724200	18	2734200	CCDC166	8	144790279
1.6445E-7	SNP18-2724200	18	2734200	EID3	12	104697517
1.6445E-7	SNP18-2724200	18	2734200	MTND3P12	15	58442834
1.6445E-7	SNP18-2724200	18	2734200	BRCC3P1	5	175735066
1.68413E-7	rs2304859	18	2750477	RNU6-534P	7	7946150
1.68413E-7	SNP18-2730714	18	2740714	RNU6-534P	7	7946150
1.68413E-7	rs2347807	18	2751925	RNU6-534P	7	7946150
1.68413E-7	rs1060700	7	12275818	RIIAD1	1	151682909
1.72469E-7	rs11165922	1	98336823	MRPL3	3	131221827
1.72655E-7	rs11165922	1	98336823	RNF40	16	30773066
1.75099E-7	SNP18-2724200	18	2734200	RN7SL831P	1	97048768
1.75099E-7	SNP18-2724200	18	2734200	ZDHHC4P1	13	43507994
1.75099E-7	SNP18-2724200	18	2734200	TGFBR3L	19	7981030
1.7681E-7	rs9379692	6	24809771	OR2P1P	6	29040376
1.7931E-7	rs3194051	5	35876274	OR8J3	11	55905194
1.7931E-7	rs6886243	5	148883634	LATS1	6	150039392
1.7931E-7	rs3812848	13	75859948	PRR23A	3	138725110
1.7931E-7	SNP7-12242033	7	12275508	RIIAD1	1	151682909
1.79504E-7	rs8092725	18	2738259	RPS29P4	1	175266216
1.79504E-7	rs8092725	18	2738259	LINC00314	21	29385682
1.79504E-7	rs8092725	18	2738259	AIMP1P2	1	172855398
1.79504E-7	rs2304859	18	2750477	PPIAP28	13	20753601
1.79504E-7	SNP18-2730714	18	2740714	PPIAP28	13	20753601
1.79504E-7	rs2347807	18	2751925	PPIAP28	13	20753601
1.79504E-7	SNP18-2719177	18	2729177	RPS29P4	1	175266216
1.79504E-7	SNP18-2719177	18	2729177	LINC00314	21	29385682
1.79504E-7	SNP18-2719177	18	2729177	AIMP1P2	1	172855398
1.79504E-7	rs2301230	1	110136458	LINC01213	3	149956306
1.79504E-7	rs6541	11	252851	IP6K2	3	48777786
1.86212E-7	SNP14-70648888	14	71579135	RNU6-1128P	22	31618839
1.86212E-7	SNP18-2724200	18	2734200	SNRPGP6	10	118168768
1.86212E-7	SNP18-2724200	18	2734200	MYL6P3	10	66929627
1.86413E-7	SNP18-2724200	18	2734200	FABP5P12	4	159947291
1.90887E-7	rs702689	5	56177443	SFN	1	27189633
1.90887E-7	rs2304859	18	2750477	HSPB1P2	23	49090960
1.90887E-7	rs465899	5	112177171	FAM171A2	17	42441243
1.90887E-7	rs3812848	13	75859948	NDUFA5P4	9	35875191
1.90887E-7	SNP18-2730714	18	2740714	HSPB1P2	23	49090960
1.90887E-7	rs2347807	18	2751925	HSPB1P2	23	49090960
1.91093E-7	rs2304859	18	2750477	RPL31P54	13	78996958
1.91093E-7	SNP18-2730714	18	2740714	RPL31P54	13	78996958
1.91093E-7	rs2347807	18	2751925	RPL31P54	13	78996958
1.95044E-7	rs11165922	1	98336823	LTV1	6	144164481
1.95044E-7	rs11165922	1	98336823	INTS13	12	27091259
1.95044E-7	rs11165922	1	98336823	CBX3	7	26240782
1.96308E-7	rs3935618	3	18389210	HSFY8P	24	28157582
1.98006E-7	SNP18-2724200	18	2734200	KRTAP3-4P	17	39161012
1.98219E-7	SNP18-2724200	18	2734200	CDY10P	24	23800927
2.03403E-7	rs8092725	18	2738259	RN7SKP243	11	73543735
2.03403E-7	rs2304859	18	2750477	RN7SL649P	1	12097067
2.03403E-7	rs2304859	18	2750477	RNU6-653P	6	109380817
2.03403E-7	SNP18-2730714	18	2740714	RN7SL649P	1	12097067
2.03403E-7	SNP18-2730714	18	2740714	RNU6-653P	6	109380817
2.03403E-7	rs2347807	18	2751925	RN7SL649P	1	12097067
2.03403E-7	rs2347807	18	2751925	RNU6-653P	6	109380817
2.03403E-7	SNP18-2719177	18	2729177	RN7SKP243	11	73543735
