PValue	SNPName	SNPChr	SNPChrPos	Gene	ProbeChr	ProbeCenterChrPos
1.62894E-17	SNP7-139806190	7	140159721	MKRN4P	23	40693738
1.93347E-12	rs8092725	18	2738259	MIR548I2	4	9557937
1.93347E-12	SNP18-2719177	18	2729177	MIR548I2	4	9557937
8.70719E-12	SNP16-1954284	16	2014283	RPS2P5	12	118683877
9.4395E-12	SNP18-2724200	18	2734200	MIR548I2	4	9557937
6.25138E-11	rs8092725	18	2738259	RN7SL542P	7	21255431
6.25138E-11	rs8092725	18	2738259	COX5BP1	4	82841540
6.25138E-11	SNP18-2719177	18	2729177	RN7SL542P	7	21255431
6.25138E-11	SNP18-2719177	18	2729177	COX5BP1	4	82841540
6.83654E-11	rs8092725	18	2738259	RN7SL316P	17	29029793
6.83654E-11	SNP18-2719177	18	2729177	RN7SL316P	17	29029793
1.06799E-10	rs8092725	18	2738259	HOXC-AS2	12	54390569
1.06799E-10	SNP18-2719177	18	2729177	HOXC-AS2	12	54390569
1.51557E-10	rs8092725	18	2738259	RPL34P29	16	49968939
1.51557E-10	SNP18-2719177	18	2729177	RPL34P29	16	49968939
2.47716E-10	SNP18-2724200	18	2734200	RN7SL316P	17	29029793
2.48038E-10	SNP18-2724200	18	2734200	RN7SL542P	7	21255431
2.48038E-10	SNP18-2724200	18	2734200	COX5BP1	4	82841540
2.7688E-10	rs8092725	18	2738259	RN7SL258P	17	42486726
2.7688E-10	SNP18-2719177	18	2729177	RN7SL258P	17	42486726
3.28276E-10	rs8092725	18	2738259	RPL21P89	10	51023142
3.28276E-10	SNP18-2719177	18	2729177	RPL21P89	10	51023142
3.77641E-10	SNP18-2724200	18	2734200	OR2B11	1	247615308
3.77641E-10	SNP18-2724200	18	2734200	HOXC-AS2	12	54390569
3.88947E-10	rs2304859	18	2750477	FNDC10	1	1535476
3.88947E-10	SNP18-2730714	18	2740714	FNDC10	1	1535476
3.88947E-10	rs2347807	18	2751925	FNDC10	1	1535476
4.22176E-10	rs2304859	18	2750477	RN7SL258P	17	42486726
4.22176E-10	SNP18-2730714	18	2740714	RN7SL258P	17	42486726
4.22176E-10	rs2347807	18	2751925	RN7SL258P	17	42486726
4.59343E-10	rs8092725	18	2738259	TTTY23B	24	6113324
4.59343E-10	rs2304859	18	2750477	RN7SL542P	7	21255431
4.59343E-10	rs2304859	18	2750477	COX5BP1	4	82841540
4.59343E-10	SNP18-2730714	18	2740714	RN7SL542P	7	21255431
4.59343E-10	SNP18-2730714	18	2740714	COX5BP1	4	82841540
4.59343E-10	rs2347807	18	2751925	RN7SL542P	7	21255431
4.59343E-10	rs2347807	18	2751925	COX5BP1	4	82841540
4.59343E-10	SNP18-2719177	18	2729177	TTTY23B	24	6113324
4.84637E-10	SNP18-2724200	18	2734200	RPL34P29	16	49968939
6.93343E-10	rs8092725	18	2738259	LINC00972	7	85050438
6.93343E-10	SNP18-2719177	18	2729177	LINC00972	7	85050438
7.52672E-10	rs2304859	18	2750477	MIR548I2	4	9557937
7.52672E-10	SNP18-2730714	18	2740714	MIR548I2	4	9557937
7.52672E-10	rs2347807	18	2751925	MIR548I2	4	9557937
8.15916E-10	rs3812848	13	75859948	APOOP2	3	87643988
8.58044E-10	SNP18-2724200	18	2734200	RN7SL258P	17	42486726
8.85443E-10	rs8092725	18	2738259	RPL21P6	14	55880777
8.85443E-10	SNP18-2719177	18	2729177	RPL21P6	14	55880777
8.86557E-10	rs4712860	6	24837206	RN7SL461P	14	57291374
1.00761E-9	SNP18-2724200	18	2734200	RPL21P89	10	51023142
1.03966E-9	rs8092725	18	2738259	KRTAP17-1	17	39471947
1.03966E-9	SNP18-2719177	18	2729177	KRTAP17-1	17	39471947
1.04096E-9	rs8092725	18	2738259	RPS24P6	2	95578177
1.04096E-9	SNP18-2719177	18	2729177	RPS24P6	2	95578177
1.22299E-9	rs2304859	18	2750477	RN7SL141P	3	171955137
1.22299E-9	SNP18-2730714	18	2740714	RN7SL141P	3	171955137
1.22299E-9	rs2347807	18	2751925	RN7SL141P	3	171955137
1.32447E-9	rs8092725	18	2738259	FTH1P18	23	37061650
1.32447E-9	SNP18-2719177	18	2729177	FTH1P18	23	37061650
1.43414E-9	rs8092725	18	2738259	OR5C1	9	125551150
1.43414E-9	SNP18-2719177	18	2729177	OR5C1	9	125551150
1.5488E-9	rs8092725	18	2738259	OR2B11	1	247615308
1.5488E-9	rs8092725	18	2738259	RNA5SP479	20	23361649
1.5488E-9	rs2304859	18	2750477	RPL34P29	16	49968939
1.5488E-9	SNP18-2730714	18	2740714	RPL34P29	16	49968939
1.5488E-9	rs2347807	18	2751925	RPL34P29	16	49968939
1.5488E-9	SNP18-2719177	18	2729177	OR2B11	1	247615308
1.5488E-9	SNP18-2719177	18	2729177	RNA5SP479	20	23361649
1.62344E-9	SNP18-2724200	18	2734200	TTTY23B	24	6113324
1.96106E-9	rs3812848	13	75859948	CYCSP22	8	51675358
2.215E-9	SNP18-2724200	18	2734200	LINC00972	7	85050438
2.47952E-9	rs8092725	18	2738259	SNORA14B	1	235291252
2.47952E-9	SNP18-2719177	18	2729177	SNORA14B	1	235291252
2.48256E-9	rs8092725	18	2738259	BTF3P12	8	71185604
2.48256E-9	SNP18-2719177	18	2729177	BTF3P12	8	71185604
2.61028E-9	rs11555762	11	43876698	HSD17B12	11	43577986
2.7883E-9	SNP18-2724200	18	2734200	RN7SL271P	3	71876328
2.7883E-9	SNP18-2724200	18	2734200	RPL21P6	14	55880777
3.01095E-9	SNP18-2724200	18	2734200	KRTAP17-1	17	39471947
3.25484E-9	SNP18-2724200	18	2734200	USP9YP36	24	27725937
3.37159E-9	rs8092725	18	2738259	IGHVII-22-1	14	106720219
3.37159E-9	rs8092725	18	2738259	RNA5SP483	20	33783109
3.37159E-9	SNP18-2719177	18	2729177	IGHVII-22-1	14	106720219
3.37159E-9	SNP18-2719177	18	2729177	RNA5SP483	20	33783109
3.63942E-9	rs8092725	18	2738259	OR4X1	11	48285413
3.63942E-9	SNP18-2719177	18	2729177	OR4X1	11	48285413
3.78787E-9	SNP18-2724200	18	2734200	RPS24P6	2	95578177
3.92793E-9	SNP12-64933473	12	66647206	LRRC59	17	48474914
4.40021E-9	SNP18-2724200	18	2734200	OR5C1	9	125551150
4.56774E-9	rs2304859	18	2750477	OR4X1	11	48285413
4.56774E-9	SNP18-2730714	18	2740714	OR4X1	11	48285413
4.56774E-9	rs2347807	18	2751925	OR4X1	11	48285413
4.57325E-9	rs26821	5	102520400	PAM	5	102089685
4.57325E-9	rs8092725	18	2738259	ATP5PDP3	9	14068931
4.57325E-9	rs2304859	18	2750477	PTCD2P2	10	90636207
4.57325E-9	SNP18-2730714	18	2740714	PTCD2P2	10	90636207
4.57325E-9	rs2347807	18	2751925	PTCD2P2	10	90636207
4.57325E-9	SNP18-2719177	18	2729177	ATP5PDP3	9	14068931
4.92757E-9	rs8092725	18	2738259	DNAJC19P5	2	178094234
4.92757E-9	rs2304859	18	2750477	IFNA20P	9	21321299
4.92757E-9	SNP18-2730714	18	2740714	IFNA20P	9	21321299
4.92757E-9	rs2347807	18	2751925	IFNA20P	9	21321299
4.92757E-9	SNP18-2719177	18	2729177	DNAJC19P5	2	178094234
5.10846E-9	SNP18-2724200	18	2734200	FTH1P18	23	37061650
5.7181E-9	SNP18-2690204	18	2700204	MIR548I2	4	9557937
5.72496E-9	rs8092725	18	2738259	HMGB1P35	5	76442393
5.72496E-9	SNP18-2719177	18	2729177	HMGB1P35	5	76442393
5.92007E-9	SNP18-2724200	18	2734200	RNA5SP479	20	23361649
6.64733E-9	rs4712860	6	24837206	RN7SKP222	3	191810911
6.64733E-9	rs2304859	18	2750477	RPS24P6	2	95578177
6.64733E-9	rs2304859	18	2750477	RNU2-14P	14	65591260
6.64733E-9	rs2304859	18	2750477	PUDPP1	24	17567954
6.64733E-9	SNP18-2730714	18	2740714	RPS24P6	2	95578177
6.64733E-9	SNP18-2730714	18	2740714	RNU2-14P	14	65591260
6.64733E-9	SNP18-2730714	18	2740714	PUDPP1	24	17567954
6.64733E-9	rs2347807	18	2751925	RPS24P6	2	95578177
6.64733E-9	rs2347807	18	2751925	RNU2-14P	14	65591260
6.64733E-9	rs2347807	18	2751925	PUDPP1	24	17567954
6.86476E-9	SNP18-2724200	18	2734200	SNORA14B	1	235291252
7.14842E-9	rs8092725	18	2738259	RPL7AP8	10	88391385
7.14842E-9	rs8092725	18	2738259	RN7SL271P	3	71876328
7.14842E-9	rs2304859	18	2750477	TNPO1P1	10	86150664
7.14842E-9	SNP18-2730714	18	2740714	TNPO1P1	10	86150664
7.14842E-9	rs2347807	18	2751925	TNPO1P1	10	86150664
7.14842E-9	SNP18-2719177	18	2729177	RPL7AP8	10	88391385
7.14842E-9	SNP18-2719177	18	2729177	RN7SL271P	3	71876328
7.15693E-9	rs8092725	18	2738259	RN7SL632P	2	61059019
7.15693E-9	rs2304859	18	2750477	ELOCP7	24	20694542
7.15693E-9	rs2304859	18	2750477	ATP5PDP3	9	14068931
7.15693E-9	SNP18-2730714	18	2740714	ELOCP7	24	20694542
7.15693E-9	SNP18-2730714	18	2740714	ATP5PDP3	9	14068931
7.15693E-9	rs2347807	18	2751925	ELOCP7	24	20694542
7.15693E-9	rs2347807	18	2751925	ATP5PDP3	9	14068931
7.15693E-9	SNP18-2719177	18	2729177	RN7SL632P	2	61059019
7.70445E-9	rs2304859	18	2750477	RN7SKP145	5	148496043
7.70445E-9	SNP18-2730714	18	2740714	RN7SKP145	5	148496043
7.70445E-9	rs2347807	18	2751925	RN7SKP145	5	148496043
8.28279E-9	rs8092725	18	2738259	ENPP7P12	8	12063898
8.28279E-9	rs8092725	18	2738259	YRDCP3	21	42235920
8.28279E-9	SNP18-2719177	18	2729177	ENPP7P12	8	12063898
8.28279E-9	SNP18-2719177	18	2729177	YRDCP3	21	42235920
8.55206E-9	SNP18-2724200	18	2734200	IGHVII-22-1	14	106720219
8.92434E-9	rs2304859	18	2750477	ELOCP14	24	20949636
8.92434E-9	rs2304859	18	2750477	MIR505	23	139006390
8.92434E-9	SNP18-2730714	18	2740714	ELOCP14	24	20949636
8.92434E-9	SNP18-2730714	18	2740714	MIR505	23	139006390
8.92434E-9	rs2347807	18	2751925	ELOCP14	24	20949636
8.92434E-9	rs2347807	18	2751925	MIR505	23	139006390
9.60276E-9	rs2304859	18	2750477	RPL23AP72	16	47184477
9.60276E-9	SNP18-2730714	18	2740714	RPL23AP72	16	47184477
9.60276E-9	rs2347807	18	2751925	RPL23AP72	16	47184477
9.89027E-9	SNP18-2724200	18	2734200	RNA5SP483	20	33783109
1.03069E-8	rs8092725	18	2738259	RN7SKP149	23	142285377
1.03069E-8	rs2304859	18	2750477	ENPP7P12	8	12063898
1.03069E-8	rs2304859	18	2750477	OR7E19P	19	9377015
1.03069E-8	rs2304859	18	2750477	RNA5SP479	20	23361649
1.03069E-8	rs2304859	18	2750477	HOXC-AS2	12	54390569
1.03069E-8	SNP18-2730714	18	2740714	ENPP7P12	8	12063898
1.03069E-8	SNP18-2730714	18	2740714	OR7E19P	19	9377015
1.03069E-8	SNP18-2730714	18	2740714	RNA5SP479	20	23361649
1.03069E-8	SNP18-2730714	18	2740714	HOXC-AS2	12	54390569
1.03069E-8	rs2347807	18	2751925	ENPP7P12	8	12063898
1.03069E-8	rs2347807	18	2751925	OR7E19P	19	9377015
1.03069E-8	rs2347807	18	2751925	RNA5SP479	20	23361649
1.03069E-8	rs2347807	18	2751925	HOXC-AS2	12	54390569
1.03069E-8	SNP18-2719177	18	2729177	RN7SKP149	23	142285377
1.11002E-8	rs8092725	18	2738259	FEV	2	219850379
1.11002E-8	rs8092725	18	2738259	RPL23AP72	16	47184477
1.11002E-8	rs2304859	18	2750477	FEV	2	219850379
1.11002E-8	SNP18-2730714	18	2740714	FEV	2	219850379
1.11002E-8	rs2347807	18	2751925	FEV	2	219850379
1.11002E-8	SNP18-2719177	18	2729177	FEV	2	219850379
1.11002E-8	SNP18-2719177	18	2729177	RPL23AP72	16	47184477
1.19386E-8	rs2304859	18	2750477	RPL7P17	4	78004279
1.19386E-8	SNP18-2730714	18	2740714	RPL7P17	4	78004279
1.19386E-8	rs2347807	18	2751925	RPL7P17	4	78004279
1.22795E-8	SNP18-2724200	18	2734200	ATP5PDP3	9	14068931
1.22795E-8	SNP18-2724200	18	2734200	BTF3P12	8	71185604
1.28085E-8	rs3812848	13	75859948	RNU6-959P	2	191986676
1.28235E-8	rs8092725	18	2738259	VN1R65P	16	31565426
1.28235E-8	SNP18-2719177	18	2729177	VN1R65P	16	31565426
1.4147E-8	SNP18-2724200	18	2734200	OR4X1	11	48285413
1.47884E-8	rs8092725	18	2738259	MTND4LP10	3	165878492
1.47884E-8	SNP18-2719177	18	2729177	MTND4LP10	3	165878492
1.48057E-8	rs8092725	18	2738259	MED28P4	23	45811768
1.48057E-8	rs8092725	18	2738259	MIR3074	9	97848303
1.48057E-8	rs2304859	18	2750477	RN7SL30P	9	128275485
1.48057E-8	rs2304859	18	2750477	OR8I1P	11	56064947
1.48057E-8	SNP18-2730714	18	2740714	RN7SL30P	9	128275485
1.48057E-8	SNP18-2730714	18	2740714	OR8I1P	11	56064947
1.48057E-8	rs2347807	18	2751925	RN7SL30P	9	128275485
1.48057E-8	rs2347807	18	2751925	OR8I1P	11	56064947
1.48057E-8	SNP18-2719177	18	2729177	MED28P4	23	45811768
1.48057E-8	SNP18-2719177	18	2729177	MIR3074	9	97848303
1.58776E-8	rs8092725	18	2738259	TNPO1P1	10	86150664
1.58776E-8	SNP18-2719177	18	2729177	TNPO1P1	10	86150664
1.61572E-8	rs37184	5	142311970	ANXA2P3	10	66585329
1.70446E-8	rs2304859	18	2750477	RPL17P33	8	29489607
1.70446E-8	rs2304859	18	2750477	RPS12P24	13	37795383
1.70446E-8	rs3812848	13	75859948	RN7SL542P	7	21255431
1.70446E-8	rs3812848	13	75859948	COX5BP1	4	82841540
1.70446E-8	SNP18-2730714	18	2740714	RPL17P33	8	29489607
1.70446E-8	SNP18-2730714	18	2740714	RPS12P24	13	37795383
1.70446E-8	rs2347807	18	2751925	RPL17P33	8	29489607
1.70446E-8	rs2347807	18	2751925	RPS12P24	13	37795383
1.70644E-8	SNP18-2690204	18	2700204	UFSP1	7	100487339
1.82946E-8	rs9435	12	22843207	CCDC172	10	118083940
1.83158E-8	rs8092725	18	2738259	MICOS10P3	3	27256509
1.83158E-8	rs8092725	18	2738259	USP9YP36	24	27725937
1.83158E-8	SNP18-2719177	18	2729177	MICOS10P3	3	27256509
1.83158E-8	SNP18-2719177	18	2729177	USP9YP36	24	27725937
1.87887E-8	SNP18-2724200	18	2734200	RN7SL632P	2	61059019
1.87887E-8	SNP18-2724200	18	2734200	DNAJC19P5	2	178094234
1.96335E-8	rs8092725	18	2738259	RPS12P24	13	37795383
1.96335E-8	rs8092725	18	2738259	RPL3P12	23	121672106
1.96335E-8	SNP18-2719177	18	2729177	RPS12P24	13	37795383
1.96335E-8	SNP18-2719177	18	2729177	RPL3P12	23	121672106
1.96562E-8	rs2304859	18	2750477	FTH1P18	23	37061650
1.96562E-8	SNP18-2730714	18	2740714	FTH1P18	23	37061650
1.96562E-8	rs2347807	18	2751925	FTH1P18	23	37061650
2.07056E-8	rs9379692	6	24809771	TIMM9P1	10	76104563
2.10673E-8	SNP18-2690204	18	2700204	HOXC-AS2	12	54390569
2.10917E-8	rs2304859	18	2750477	RPS17P5	6	50825375
2.10917E-8	SNP18-2730714	18	2740714	RPS17P5	6	50825375
2.10917E-8	rs2347807	18	2751925	RPS17P5	6	50825375
2.15841E-8	SNP18-2724200	18	2734200	ENPP7P12	8	12063898
2.1609E-8	SNP18-2724200	18	2734200	HMGB1P35	5	76442393
2.26026E-8	rs1052053	1	156202173	MIRLET7F2	23	53584235
2.26286E-8	rs8092725	18	2738259	RNU2-65P	15	72337524
2.26286E-8	rs8092725	18	2738259	PIGCP1	11	33098006
2.26286E-8	rs2304859	18	2750477	DNAJC19P5	2	178094234
2.26286E-8	SNP18-2730714	18	2740714	DNAJC19P5	2	178094234
2.26286E-8	rs2347807	18	2751925	DNAJC19P5	2	178094234
2.26286E-8	SNP18-2719177	18	2729177	RNU2-65P	15	72337524
2.26286E-8	SNP18-2719177	18	2729177	PIGCP1	11	33098006
2.31292E-8	SNP18-2724200	18	2734200	RPL7AP8	10	88391385
2.38042E-8	rs7104987	11	95711914	KAZN-AS1	1	14677518
2.42462E-8	rs3812848	13	75859948	RNU6-430P	16	89509726
2.42741E-8	SNP5-102566651	5	102538752	PAM	5	102089685
2.42741E-8	SNP5-102565278	5	102537379	PAM	5	102089685
2.60056E-8	rs6901565	6	24836161	RN7SL269P	1	169927386
2.60056E-8	rs8092725	18	2738259	HIST1H4PS1	6	27774853
2.60056E-8	SNP18-2719177	18	2729177	HIST1H4PS1	6	27774853
2.78886E-8	rs4712860	6	24837206	RHOQP2	2	132218533
2.84691E-8	SNP18-2724200	18	2734200	YRDCP3	21	42235920
2.98695E-8	rs8092725	18	2738259	H2AFZP3	13	99868012
2.98695E-8	rs8092725	18	2738259	LINC01815	2	81694070
2.98695E-8	SNP18-2719177	18	2729177	H2AFZP3	13	99868012
2.98695E-8	SNP18-2719177	18	2729177	LINC01815	2	81694070
3.04899E-8	SNP18-2724200	18	2734200	RN7SKP149	23	142285377
3.20596E-8	rs8092725	18	2738259	HIGD1AP9	12	50013117
3.20596E-8	rs8092725	18	2738259	CRB3P1	3	1436132
3.20596E-8	SNP18-2719177	18	2729177	HIGD1AP9	12	50013117
3.20596E-8	SNP18-2719177	18	2729177	CRB3P1	3	1436132
3.26496E-8	SNP18-2724200	18	2734200	RPL3P12	23	121672106
3.26496E-8	SNP18-2724200	18	2734200	TNPO1P1	10	86150664
3.26868E-8	SNP18-2724200	18	2734200	FABP3P2	13	42943793
3.4327E-8	rs12452857	17	27613677	GAGE12C	23	49296814
3.49972E-8	SNP18-2724200	18	2734200	RPL23AP72	16	47184477
3.67079E-8	SNP6-24918561	6	24810582	TIMM9P1	10	76104563
3.67496E-8	rs8092725	18	2738259	RNA5SP310	10	46351755
3.67496E-8	rs1494558	5	35861068	NONOP2	2	61165184
3.67496E-8	SNP18-2719177	18	2729177	RNA5SP310	10	46351755
3.74231E-8	SNP18-2724200	18	2734200	MTND4LP10	3	165878492
3.74656E-8	SNP18-2724200	18	2734200	FEV	2	219850379
3.86307E-8	rs3497	12	46579388	PNRC2P1	1	118321128
3.93376E-8	SNP6-24918561	6	24810582	RN7SL269P	1	169927386
3.93822E-8	rs8092725	18	2738259	RN7SL30P	9	128275485
3.93822E-8	rs8092725	18	2738259	RN7SKP145	5	148496043
3.93822E-8	rs8092725	18	2738259	RN7SKP73	5	5126159
3.93822E-8	SNP18-2719177	18	2729177	RN7SL30P	9	128275485
3.93822E-8	SNP18-2719177	18	2729177	RN7SKP145	5	148496043
3.93822E-8	SNP18-2719177	18	2729177	RN7SKP73	5	5126159
4.2102E-8	rs8092725	18	2738259	CT83	23	115594164
4.2102E-8	SNP18-2719177	18	2729177	CT83	23	115594164
4.21496E-8	rs8092725	18	2738259	RPS27AP15	9	75356533
4.21496E-8	rs8092725	18	2738259	MIR505	23	139006390
4.21496E-8	rs4761720	12	93862989	IMMT	2	86422893
4.21496E-8	rs2304859	18	2750477	RPS27AP15	9	75356533
4.21496E-8	SNP18-2730714	18	2740714	RPS27AP15	9	75356533
4.21496E-8	rs2347807	18	2751925	RPS27AP15	9	75356533
4.21496E-8	SNP18-2719177	18	2729177	RPS27AP15	9	75356533
4.21496E-8	SNP18-2719177	18	2729177	MIR505	23	139006390
4.29189E-8	SNP18-2724200	18	2734200	VN1R65P	16	31565426
4.41981E-8	rs9379692	6	24809771	RN7SL269P	1	169927386
4.50544E-8	rs2304859	18	2750477	RPL21P6	14	55880777
4.50544E-8	SNP18-2730714	18	2740714	RPL21P6	14	55880777
4.50544E-8	rs2347807	18	2751925	RPL21P6	14	55880777
4.51052E-8	rs8092725	18	2738259	RPL29P14	5	148925373
4.51052E-8	rs2304859	18	2750477	TTTY23B	24	6113324
4.51052E-8	SNP18-2730714	18	2740714	TTTY23B	24	6113324
4.51052E-8	rs2347807	18	2751925	TTTY23B	24	6113324
4.51052E-8	SNP18-2719177	18	2729177	RPL29P14	5	148925373
4.5875E-8	SNP18-2724200	18	2734200	MED28P4	23	45811768
4.5875E-8	SNP18-2724200	18	2734200	MIR3074	9	97848303
4.82613E-8	rs8092725	18	2738259	COX6CP8	8	65244484
4.82613E-8	rs8092725	18	2738259	IFNA20P	9	21321299
4.82613E-8	rs8092725	18	2738259	CT47A7	23	120090454
4.82613E-8	rs8092725	18	2738259	RN7SKP216	12	114942992
4.82613E-8	rs2304859	18	2750477	APOOP2	3	87643988
4.82613E-8	SNP18-2730714	18	2740714	APOOP2	3	87643988
4.82613E-8	rs2347807	18	2751925	APOOP2	3	87643988
4.82613E-8	SNP18-2719177	18	2729177	COX6CP8	8	65244484
4.82613E-8	SNP18-2719177	18	2729177	IFNA20P	9	21321299
4.82613E-8	SNP18-2719177	18	2729177	CT47A7	23	120090454
4.82613E-8	SNP18-2719177	18	2729177	RN7SKP216	12	114942992
4.82613E-8	rs4237	1	24114129	MTND5P12	5	93903166
5.15731E-8	rs2304859	18	2750477	CHML	1	241799232
5.15731E-8	SNP18-2730714	18	2740714	CHML	1	241799232
5.15731E-8	rs2347807	18	2751925	CHML	1	241799232
5.1631E-8	rs8092725	18	2738259	RNU4-39P	11	66382561
5.1631E-8	rs8092725	18	2738259	RPL7P17	4	78004279
5.1631E-8	rs8092725	18	2738259	RNU2-14P	14	65591260
5.1631E-8	SNP18-2719177	18	2729177	RNU4-39P	11	66382561
5.1631E-8	SNP18-2719177	18	2729177	RPL7P17	4	78004279
5.1631E-8	SNP18-2719177	18	2729177	RNU2-14P	14	65591260
5.1631E-8	SNP18-2690204	18	2700204	TTTY23B	24	6113324
5.23906E-8	SNP18-2724200	18	2734200	RCN1P2	13	45965402
5.23906E-8	SNP18-2724200	18	2734200	RPS12P24	13	37795383
5.24495E-8	SNP18-2724200	18	2734200	MICOS10P3	3	27256509
5.31611E-8	SNP2-98582963	2	99216531	LTBP4	19	41099072
5.51664E-8	rs4712856	6	24822304	TIMM9P1	10	76104563
5.51664E-8	rs2304859	18	2750477	PIGFP3	23	30035998
5.51664E-8	SNP6-24933490	6	24825511	TIMM9P1	10	76104563
5.51664E-8	SNP18-2730714	18	2740714	PIGFP3	23	30035998
5.51664E-8	rs2347807	18	2751925	PIGFP3	23	30035998
5.52283E-8	rs8092725	18	2738259	EBLN2	3	73110810
5.52283E-8	rs8092725	18	2738259	RN7SL141P	3	171955137
5.52283E-8	rs8092725	18	2738259	RPL10P12	12	69020969
5.52283E-8	rs8092725	18	2738259	RPL3P6	5	60687698
5.52283E-8	SNP18-2719177	18	2729177	EBLN2	3	73110810
5.52283E-8	SNP18-2719177	18	2729177	RN7SL141P	3	171955137
5.52283E-8	SNP18-2719177	18	2729177	RPL10P12	12	69020969
5.52283E-8	SNP18-2719177	18	2729177	RPL3P6	5	60687698
5.60391E-8	rs3769698	2	99233894	LTBP4	19	41099072
5.90019E-8	SNP6-24918561	6	24810582	OR4A18P	11	49940030
5.90679E-8	rs8092725	18	2738259	PPIAP20	19	12618943
5.90679E-8	rs8092725	18	2738259	LINC01976	17	42015731
5.90679E-8	rs8092725	18	2738259	MTCO2P3	13	57778513
5.90679E-8	rs8092725	18	2738259	RNU6-1128P	22	31618839
5.90679E-8	rs8092725	18	2738259	TAF11L14	5	17634569
5.90679E-8	SNP18-2719177	18	2729177	PPIAP20	19	12618943
5.90679E-8	SNP18-2719177	18	2729177	LINC01976	17	42015731
5.90679E-8	SNP18-2719177	18	2729177	MTCO2P3	13	57778513
5.90679E-8	SNP18-2719177	18	2729177	RNU6-1128P	22	31618839
5.90679E-8	SNP18-2719177	18	2729177	TAF11L14	5	17634569
5.98663E-8	SNP18-2724200	18	2734200	PGAM2	7	44105186
6.30952E-8	rs2304859	18	2750477	MTND4LP10	3	165878492
6.30952E-8	rs2304859	18	2750477	HMGN1P37	23	154045676
6.30952E-8	rs2304859	18	2750477	SNORA14B	1	235291252
6.30952E-8	rs3812848	13	75859948	ELOCP14	24	20949636
6.30952E-8	SNP18-2730714	18	2740714	MTND4LP10	3	165878492
6.30952E-8	SNP18-2730714	18	2740714	HMGN1P37	23	154045676
6.30952E-8	SNP18-2730714	18	2740714	SNORA14B	1	235291252
6.30952E-8	rs2347807	18	2751925	MTND4LP10	3	165878492
6.30952E-8	rs2347807	18	2751925	HMGN1P37	23	154045676
6.30952E-8	rs2347807	18	2751925	SNORA14B	1	235291252
6.31657E-8	rs8092725	18	2738259	CYCSP22	8	51675358
6.31657E-8	rs8092725	18	2738259	RNU6-218P	7	6097131
6.31657E-8	rs8092725	18	2738259	RN7SL481P	7	142995610
6.31657E-8	rs8092725	18	2738259	NDUFA3P2	11	68256308
6.31657E-8	rs4712860	6	24837206	NDUFA5P11	16	47632907
6.31657E-8	SNP18-2719177	18	2729177	CYCSP22	8	51675358
6.31657E-8	SNP18-2719177	18	2729177	RNU6-218P	7	6097131
6.31657E-8	SNP18-2719177	18	2729177	RN7SL481P	7	142995610
6.31657E-8	SNP18-2719177	18	2729177	NDUFA3P2	11	68256308
6.39462E-8	SNP18-2724200	18	2734200	LINC01815	2	81694070
6.61228E-8	rs7258240	19	15772414	RASA4	7	102283316
6.73879E-8	rs6901565	6	24836161	HMGN2P19	1	229706279
6.73879E-8	rs2304859	18	2750477	FGF12-AS3	3	192234620
6.73879E-8	rs3812848	13	75859948	RNU2-14P	14	65591260
6.73879E-8	SNP18-2730714	18	2740714	FGF12-AS3	3	192234620
6.73879E-8	rs2347807	18	2751925	FGF12-AS3	3	192234620
6.73879E-8	SNP18-2690204	18	2700204	RPL7AP8	10	88391385
6.84473E-8	SNP18-2724200	18	2734200	RNU2-65P	15	72337524
7.2043E-8	SNP1-67649072	1	67876484	C6orf222	6	36304662
7.2043E-8	rs8092725	18	2738259	MTRNR2L8	11	10530723
7.2043E-8	rs2304859	18	2750477	LDHAP2	1	235901305
7.2043E-8	rs2304859	18	2750477	RNA5SP483	20	33783109
7.2043E-8	rs3812848	13	75859948	LINC01868	2	101292500
7.2043E-8	rs3812848	13	75859948	ELOCP7	24	20694542
7.2043E-8	SNP18-2730714	18	2740714	LDHAP2	1	235901305
7.2043E-8	SNP18-2730714	18	2740714	RNA5SP483	20	33783109
7.2043E-8	rs2347807	18	2751925	LDHAP2	1	235901305
7.2043E-8	rs2347807	18	2751925	RNA5SP483	20	33783109
7.2043E-8	SNP18-2719177	18	2729177	MTRNR2L8	11	10530723
7.21231E-8	rs8092725	18	2738259	FNDC10	1	1535476
7.21231E-8	rs8092725	18	2738259	UFSP1	7	100487339
7.21231E-8	rs4761720	12	93862989	SHMT1	17	18266832
7.21231E-8	rs2304859	18	2750477	RN7SL632P	2	61059019
7.21231E-8	rs2304859	18	2750477	RNU6-430P	16	89509726
7.21231E-8	rs3812848	13	75859948	CHML	1	241799232
7.21231E-8	SNP18-2730714	18	2740714	RN7SL632P	2	61059019
7.21231E-8	SNP18-2730714	18	2740714	RNU6-430P	16	89509726
7.21231E-8	rs2347807	18	2751925	RN7SL632P	2	61059019
7.21231E-8	rs2347807	18	2751925	RNU6-430P	16	89509726
7.21231E-8	SNP18-2719177	18	2729177	FNDC10	1	1535476
7.21231E-8	SNP18-2719177	18	2729177	UFSP1	7	100487339
7.21231E-8	rs1127299	10	129882119	PPIAP89	23	100055773
7.30107E-8	SNP18-2724200	18	2734200	HIST1H4PS1	6	27774853
7.30919E-8	SNP18-2724200	18	2734200	PIGCP1	11	33098006
7.54015E-8	rs9379692	6	24809771	OR4A18P	11	49940030
7.54853E-8	rs3186827	10	129883121	PPIAP89	23	100055773
7.54853E-8	rs4802449	19	48736706	TCF7L2	10	114710009
7.54853E-8	rs4237449	10	129883110	PPIAP89	23	100055773
7.70089E-8	SNP2-143852586	2	144136116	IMPA1	8	82598928
7.70944E-8	rs8092725	18	2738259	FABP3P2	13	42943793
7.70944E-8	rs8092725	18	2738259	RMRPP5	9	24905467
7.70944E-8	rs2304859	18	2750477	OR5C1	9	125551150
7.70944E-8	SNP18-2730714	18	2740714	OR5C1	9	125551150
7.70944E-8	rs2347807	18	2751925	OR5C1	9	125551150
7.70944E-8	SNP18-2719177	18	2729177	FABP3P2	13	42943793
7.70944E-8	SNP18-2719177	18	2729177	RMRPP5	9	24905467
7.80411E-8	SNP18-2724200	18	2734200	CRB3P1	3	1436132
8.22144E-8	rs8092725	18	2738259	E2F6P4	23	135180507
8.22144E-8	rs8092725	18	2738259	HMGB3P30	23	111933143
8.22144E-8	rs2304859	18	2750477	IGHVII-22-1	14	106720219
8.22144E-8	SNP13-31574114	13	32676114	KBTBD4	11	47600567
8.22144E-8	SNP18-2730714	18	2740714	IGHVII-22-1	14	106720219
8.22144E-8	rs2347807	18	2751925	IGHVII-22-1	14	106720219
8.22144E-8	SNP18-2719177	18	2729177	E2F6P4	23	135180507
8.22144E-8	SNP18-2719177	18	2729177	HMGB3P30	23	111933143
8.23055E-8	rs8092725	18	2738259	PUDPP1	24	17567954
8.23055E-8	rs8092725	18	2738259	APOOP2	3	87643988
8.23055E-8	rs2304859	18	2750477	MTND4LP12	2	143855986
8.23055E-8	SNP18-2730714	18	2740714	MTND4LP12	2	143855986
8.23055E-8	rs2347807	18	2751925	MTND4LP12	2	143855986
8.23055E-8	SNP18-2719177	18	2729177	PUDPP1	24	17567954
8.23055E-8	SNP18-2719177	18	2729177	APOOP2	3	87643988
8.3222E-8	SNP18-2724200	18	2734200	H2AFZP3	13	99868012
8.33141E-8	rs6940880	6	143260600	NUDT2	9	34329504
8.33141E-8	SNP18-2724200	18	2734200	RN7SL30P	9	128275485
8.78571E-8	rs8092725	18	2738259	RN7SKP287	11	43456947
8.78571E-8	rs2304859	18	2750477	OR52K1	11	4510109
8.78571E-8	SNP1-159988828	1	161722204	CLDN17	21	31538971
8.78571E-8	SNP18-2730714	18	2740714	OR52K1	11	4510109
8.78571E-8	rs2347807	18	2751925	OR52K1	11	4510109
8.78571E-8	SNP18-2719177	18	2729177	RN7SKP287	11	43456947
8.79542E-8	rs8092725	18	2738259	RN7SKP176	16	81993524
8.79542E-8	rs8092725	18	2738259	ZDHHC4P1	13	43507994
8.79542E-8	rs4761720	12	93862989	REXO4	9	136283164
8.79542E-8	SNP5-102461308	5	102433409	PAM	5	102089685
8.79542E-8	SNP18-2719177	18	2729177	RN7SKP176	16	81993524
8.79542E-8	SNP18-2719177	18	2729177	ZDHHC4P1	13	43507994
8.88333E-8	rs7830986	8	71550832	ACP6	1	147142618
8.89315E-8	SNP18-2724200	18	2734200	RN7SKP145	5	148496043
9.19267E-8	rs4568912	10	129882640	PPIAP89	23	100055773
9.35638E-8	SNP6-149688001	6	149646308	RBMY2KP	24	8145229
9.37704E-8	rs2304859	18	2750477	MRPL32P1	23	48441727
9.37704E-8	rs2304859	18	2750477	RPL21P89	10	51023142
9.37704E-8	SNP18-2730714	18	2740714	MRPL32P1	23	48441727
9.37704E-8	SNP18-2730714	18	2740714	RPL21P89	10	51023142
9.37704E-8	SNP6-24918561	6	24810582	RBM48P1	4	127484664
9.37704E-8	rs2347807	18	2751925	MRPL32P1	23	48441727
9.37704E-8	rs2347807	18	2751925	RPL21P89	10	51023142
9.38739E-8	rs4761720	12	93862989	MCM2	3	127317066
9.38739E-8	rs2304859	18	2750477	CYCSP42	21	16863086
9.38739E-8	rs2304859	18	2750477	RPL29P19	8	49297150
9.38739E-8	rs2304859	18	2750477	SCARNA20	17	58309007
9.38739E-8	SNP18-2730714	18	2740714	CYCSP42	21	16863086
9.38739E-8	SNP18-2730714	18	2740714	RPL29P19	8	49297150
9.38739E-8	SNP18-2730714	18	2740714	SCARNA20	17	58309007
9.38739E-8	rs2347807	18	2751925	CYCSP42	21	16863086
9.38739E-8	rs2347807	18	2751925	RPL29P19	8	49297150
9.38739E-8	rs2347807	18	2751925	SCARNA20	17	58309007
9.38739E-8	SNP5-50176213	5	50140456	OR8U1	11	56143100
9.48101E-8	SNP18-2724200	18	2734200	RNU6-769P	12	51027056
9.79967E-8	rs9379692	6	24809771	EDDM3CP	2	135077649
1.00068E-7	rs6901565	6	24836161	SLC35G4	18	11609712
1.00068E-7	rs8092725	18	2738259	FATE1	23	150884507
1.00068E-7	rs8092725	18	2738259	OR7E19P	19	9377015
1.00068E-7	rs8092725	18	2738259	CFL1P7	3	25365665
1.00068E-7	rs4712856	6	24822304	OR4A18P	11	49940030
1.00068E-7	rs2278211	2	99149946	LTBP4	19	41099072
1.00068E-7	SNP6-24933490	6	24825511	OR4A18P	11	49940030
1.00068E-7	SNP6-24918561	6	24810582	DSCAM-IT1	21	42002693
1.00068E-7	SNP18-2719177	18	2729177	FATE1	23	150884507
1.00068E-7	SNP18-2719177	18	2729177	OR7E19P	19	9377015
1.00068E-7	SNP18-2719177	18	2729177	CFL1P7	3	25365665
1.00178E-7	rs1042426	8	20078643	IMPDH1P11	16	10205239
1.00178E-7	rs8092725	18	2738259	IGHVII-78-1	14	107274110
1.00178E-7	rs4761720	12	93862989	EIF2B2	14	75469614
1.00178E-7	rs2304859	18	2750477	SFN	1	27189633
1.00178E-7	SNP18-2730714	18	2740714	SFN	1	27189633
1.00178E-7	rs2347807	18	2751925	SFN	1	27189633
1.00178E-7	SNP18-2719177	18	2729177	IGHVII-78-1	14	107274110
1.00178E-7	rs1469858	18	67529217	DOK6	18	67068284
1.01175E-7	SNP18-2724200	18	2734200	HIGD1AP9	12	50013117
1.01175E-7	SNP18-2724200	18	2734200	MIR505	23	139006390
1.04569E-7	rs9379692	6	24809771	TRAPPC2P10	24	26116841
1.04569E-7	rs9379692	6	24809771	TRAPPC2P5	24	27845598
1.06775E-7	rs4761720	12	93862989	NLRP9P1	12	129497881
1.06775E-7	rs2304859	18	2750477	RPL17P25	6	81084286
1.06775E-7	rs3812848	13	75859948	RPL7P17	4	78004279
1.06775E-7	SNP18-2730714	18	2740714	RPL17P25	6	81084286
1.06775E-7	SNP6-24918561	6	24810582	FAM25E	10	46312772
1.06775E-7	rs2347807	18	2751925	RPL17P25	6	81084286
1.06775E-7	rs6892	10	104575870	RCC2P1	24	13903233
1.06892E-7	rs8092725	18	2738259	RN7SL764P	2	219967156
1.06892E-7	rs4761720	12	93862989	IPO5	13	98605742
1.06892E-7	rs2304859	18	2750477	RPL21P127	18	3406816
1.06892E-7	SNP18-2730714	18	2740714	RPL21P127	18	3406816
1.06892E-7	rs2347807	18	2751925	RPL21P127	18	3406816
1.06892E-7	SNP18-2719177	18	2729177	RN7SL764P	2	219967156
1.11566E-7	rs9379692	6	24809771	HDGFP1	23	130780647
1.1404E-7	rs8092725	18	2738259	HMGB1P16	23	36229213
1.1404E-7	rs4712856	6	24822304	RN7SL269P	1	169927386
1.1404E-7	SNP6-24933490	6	24825511	RN7SL269P	1	169927386
1.1404E-7	SNP18-2719177	18	2729177	HMGB1P16	23	36229213
1.14165E-7	SNP19-53429576	19	48737764	TCF7L2	10	114710009
1.14165E-7	rs8092725	18	2738259	RPL36AP6	9	110597110
1.14165E-7	rs4712860	6	24837206	ARAFP3	7	62803089
1.14165E-7	rs4761720	12	93862989	FANCG	9	35080013
1.14165E-7	SNP18-2719177	18	2729177	RPL36AP6	9	110597110
1.15044E-7	SNP18-2724200	18	2734200	MIR1233-2	15	34820572
1.1517E-7	SNP18-2724200	18	2734200	RPL7P17	4	78004279
1.1517E-7	SNP18-2724200	18	2734200	RPS27AP15	9	75356533
1.1517E-7	SNP18-2724200	18	2734200	RNA5SP310	10	46351755
1.1517E-7	SNP12-38995766	12	40709499	PSMC1P1	3	68684856
1.21649E-7	rs8092725	18	2738259	FTH1P26	6	133998567
1.21649E-7	rs8092725	18	2738259	PGAM2	7	44105186
1.21649E-7	rs2304859	18	2750477	KRTAP17-1	17	39471947
1.21649E-7	rs2304859	18	2750477	RPL7AP8	10	88391385
1.21649E-7	rs3812848	13	75859948	RN7SKP145	5	148496043
1.21649E-7	rs3812848	13	75859948	MIR505	23	139006390
1.21649E-7	SNP18-2730714	18	2740714	KRTAP17-1	17	39471947
1.21649E-7	SNP18-2730714	18	2740714	RPL7AP8	10	88391385
1.21649E-7	rs2347807	18	2751925	KRTAP17-1	17	39471947
1.21649E-7	rs2347807	18	2751925	RPL7AP8	10	88391385
1.21649E-7	SNP18-2719177	18	2729177	FTH1P26	6	133998567
1.21649E-7	SNP18-2719177	18	2729177	PGAM2	7	44105186
1.21782E-7	rs8092725	18	2738259	OR4P4	11	55405834
1.21782E-7	rs2304859	18	2750477	RPS21P1	1	235596300
1.21782E-7	SNP18-2730714	18	2740714	RPS21P1	1	235596300
1.21782E-7	rs1494558	5	35861068	RN7SL127P	4	79820010
1.21782E-7	rs2347807	18	2751925	RPS21P1	1	235596300
1.21782E-7	SNP18-2719177	18	2729177	OR4P4	11	55405834
1.22584E-7	rs2863979	16	68331890	FAM49A	2	16847599
1.27085E-7	SNP17-32384535	17	35310422	POTEA	8	43147626
1.29749E-7	rs8092725	18	2738259	UBBP3	2	149621373
1.29749E-7	rs8092725	18	2738259	RNU6-769P	12	51027056
1.29749E-7	rs2304859	18	2750477	HMGB1P16	23	36229213
1.29749E-7	SNP18-2730714	18	2740714	HMGB1P16	23	36229213
1.29749E-7	rs2347807	18	2751925	HMGB1P16	23	36229213
1.29749E-7	SNP18-2719177	18	2729177	UBBP3	2	149621373
1.29749E-7	SNP18-2719177	18	2729177	RNU6-769P	12	51027056
1.29749E-7	SNP15-42798307	15	45011015	RAPGEF1	9	134615461
1.29891E-7	rs8092725	18	2738259	RN7SKP151	11	13374755
1.29891E-7	rs8092725	18	2738259	ELOCP7	24	20694542
1.29891E-7	rs3812848	13	75859948	LDHAP2	1	235901305
1.29891E-7	rs3812848	13	75859948	RN7SL681P	4	88308326
1.29891E-7	SNP4-102970299	4	102751276	PTMAP10	7	138089268
1.29891E-7	SNP18-2719177	18	2729177	RN7SKP151	11	13374755
1.29891E-7	SNP18-2719177	18	2729177	ELOCP7	24	20694542
1.30744E-7	SNP18-2724200	18	2734200	CFL1P7	3	25365665
1.30887E-7	SNP18-2724200	18	2734200	RNU2-14P	14	65591260
1.30887E-7	SNP18-2724200	18	2734200	RN7SKP73	5	5126159
1.38369E-7	SNP3-46377057	3	46402053	LIN54	4	83934079
1.38369E-7	rs8092725	18	2738259	RPL17P33	8	29489607
1.38369E-7	rs2304859	18	2750477	RNU2-37P	3	127794092
1.38369E-7	SNP18-2730714	18	2740714	RNU2-37P	3	127794092
1.38369E-7	rs2347807	18	2751925	RNU2-37P	3	127794092
1.38369E-7	SNP18-2719177	18	2729177	RPL17P33	8	29489607
1.3852E-7	rs8092725	18	2738259	RNU6-50P	23	46377201
1.3852E-7	rs4712860	6	24837206	BTF3P2	14	29142933
1.3852E-7	rs1494558	5	35861068	RPL6P29	23	97506677
1.3852E-7	rs1494558	5	35861068	RPL17P12	2	146951864
1.3852E-7	rs1494558	5	35861068	RNU6-601P	2	150467288
1.3852E-7	rs1494558	5	35861068	LCE3C	1	152573138
1.3852E-7	SNP18-2719177	18	2729177	RNU6-50P	23	46377201
1.39277E-7	SNP18-2724200	18	2734200	CHML	1	241799232
1.39428E-7	SNP18-2724200	18	2734200	COX6CP8	8	65244484
1.39428E-7	SNP18-2724200	18	2734200	RN7SL141P	3	171955137
1.39428E-7	SNP18-2724200	18	2734200	IFNA20P	9	21321299
1.39428E-7	SNP18-2724200	18	2734200	CT47A7	23	120090454
1.39428E-7	SNP18-2724200	18	2734200	RN7SKP216	12	114942992
1.47543E-7	rs8092725	18	2738259	CHML	1	241799232
1.47543E-7	rs3812848	13	75859948	RPL35AP	20	46107754
1.47543E-7	SNP18-2719177	18	2729177	CHML	1	241799232
1.47543E-7	SNP18-2690204	18	2700204	RN7SL316P	17	29029793
1.47703E-7	rs8092725	18	2738259	ELOCP14	24	20949636
1.47703E-7	rs4712860	6	24837206	CFL1P6	1	11051854
1.47703E-7	rs2304859	18	2750477	RPL7L1P13	4	111321667
1.47703E-7	rs2304859	18	2750477	IGHVII-78-1	14	107274110
1.47703E-7	SNP18-2730714	18	2740714	RPL7L1P13	4	111321667
1.47703E-7	SNP18-2730714	18	2740714	IGHVII-78-1	14	107274110
1.47703E-7	rs2347807	18	2751925	RPL7L1P13	4	111321667
1.47703E-7	rs2347807	18	2751925	IGHVII-78-1	14	107274110
1.47703E-7	SNP18-2719177	18	2729177	ELOCP14	24	20949636
1.47703E-7	rs7966550	12	40688695	RNU6-130P	6	82920157
1.47703E-7	SNP18-2690204	18	2700204	RN7SL542P	7	21255431
1.47703E-7	SNP18-2690204	18	2700204	COX5BP1	4	82841540
1.48669E-7	SNP18-2724200	18	2734200	RPL29P14	5	148925373
1.48669E-7	SNP18-2724200	18	2734200	RPL3P6	5	60687698
1.57303E-7	rs8092725	18	2738259	RCN1P2	13	45965402
1.57303E-7	SNP1-159988828	1	161722204	SPACA4	19	49110000
1.57303E-7	SNP18-2719177	18	2729177	RCN1P2	13	45965402
1.57473E-7	rs8092725	18	2738259	RNU6-856P	3	52585959
1.57473E-7	rs6442154	3	10168785	FANCD2P2	3	11901148
1.57473E-7	SNP18-2719177	18	2729177	RNU6-856P	3	52585959
1.57473E-7	SNP18-2690204	18	2700204	OR5C1	9	125551150
1.57473E-7	rs6785976	3	10168647	FANCD2P2	3	11901148
1.57473E-7	SNP2-114365370	2	114648900	ATP6V1G1P6	5	77518008
1.58158E-7	SNP18-2724200	18	2734200	MTRNR2L8	11	10530723
1.63916E-7	rs1058741	1	174983633	DUXAP2	8	102379250
1.67504E-7	SNP3-46377057	3	46402053	KIF20B	10	91461367
1.67504E-7	rs8092725	18	2738259	EIF4EBP2P3	6	98627708
1.67504E-7	rs2304859	18	2750477	LACTBL1	1	23291797
1.67504E-7	rs3812848	13	75859948	KRT18P12	1	214705538
1.67504E-7	SNP18-2730714	18	2740714	LACTBL1	1	23291797
1.67504E-7	rs2347807	18	2751925	LACTBL1	1	23291797
1.67504E-7	SNP18-2719177	18	2729177	EIF4EBP2P3	6	98627708
1.67686E-7	SNP12-39000140	12	40713873	PSMC1P1	3	68684856
1.67686E-7	rs8092725	18	2738259	OR8I1P	11	56064947
1.67686E-7	rs8092725	18	2738259	RN7SKP103	2	133281190
1.67686E-7	rs8092725	18	2738259	TMEM212-AS1	3	171618530
1.67686E-7	rs2304859	18	2750477	CYCSP22	8	51675358
1.67686E-7	SNP18-2730714	18	2740714	CYCSP22	8	51675358
1.67686E-7	rs2347807	18	2751925	CYCSP22	8	51675358
1.67686E-7	SNP18-2719177	18	2729177	OR8I1P	11	56064947
1.67686E-7	SNP18-2719177	18	2729177	RN7SKP103	2	133281190
1.67686E-7	SNP18-2719177	18	2729177	TMEM212-AS1	3	171618530
1.68413E-7	SNP18-2724200	18	2734200	CT83	23	115594164
1.68596E-7	SNP18-2724200	18	2734200	EBLN2	3	73110810
1.68596E-7	SNP18-2724200	18	2734200	RNU4-39P	11	66382561
1.68596E-7	SNP18-2724200	18	2734200	RPL10P12	12	69020969
1.7491E-7	rs9496482	6	143256102	NUDT2	9	34329504
1.78537E-7	rs8092725	18	2738259	LDHAP2	1	235901305
1.78537E-7	rs3812848	13	75859948	PUDPP1	24	17567954
1.78537E-7	SNP6-24918561	6	24810582	EDDM3CP	2	135077649
1.78537E-7	SNP18-2719177	18	2729177	LDHAP2	1	235901305
1.78537E-7	rs7120	14	96010589	RPS23P10	1	161507950
1.7873E-7	rs8092725	18	2738259	SPA17P1	10	77142602
1.7873E-7	rs2304859	18	2750477	RPL10P12	12	69020969
1.7873E-7	SNP18-2730714	18	2740714	RPL10P12	12	69020969
1.7873E-7	rs2347807	18	2751925	RPL10P12	12	69020969
1.7873E-7	SNP18-2719177	18	2729177	SPA17P1	10	77142602
1.7931E-7	SNP18-2724200	18	2734200	FABP5P15	23	76983344
1.79504E-7	SNP18-2724200	18	2734200	PPIAP20	19	12618943
1.79504E-7	SNP18-2724200	18	2734200	LINC01976	17	42015731
1.79504E-7	SNP18-2724200	18	2734200	CYCSP22	8	51675358
1.79504E-7	SNP18-2724200	18	2734200	MTCO2P3	13	57778513
1.79504E-7	SNP18-2724200	18	2734200	RNU6-1128P	22	31618839
1.79504E-7	SNP18-2724200	18	2734200	TAF11L14	5	17634569
1.79504E-7	SNP18-2724200	18	2734200	RNU6-218P	7	6097131
1.86011E-7	rs9379692	6	24809771	DSCAM-IT1	21	42002693
1.90271E-7	rs8092725	18	2738259	IGHJ6	14	106329468
1.90271E-7	rs8092725	18	2738259	OR8H2	11	55872519
1.90271E-7	rs2304859	18	2750477	MORF4L1P6	23	72694399
1.90271E-7	rs2304859	18	2750477	RN7SKP122	5	107146330
1.90271E-7	rs2304859	18	2750477	PCMTD1P1	24	10011462
1.90271E-7	rs2304859	18	2750477	RN7SL681P	4	88308326
1.90271E-7	SNP1-159988828	1	161722204	UGT1A5	2	234621638
1.90271E-7	SNP18-2730714	18	2740714	MORF4L1P6	23	72694399
1.90271E-7	SNP18-2730714	18	2740714	RN7SKP122	5	107146330
1.90271E-7	SNP18-2730714	18	2740714	PCMTD1P1	24	10011462
1.90271E-7	SNP18-2730714	18	2740714	RN7SL681P	4	88308326
1.90271E-7	SNP6-24918561	6	24810582	TRAPPC2P10	24	26116841
1.90271E-7	SNP6-24918561	6	24810582	TRAPPC2P5	24	27845598
1.90271E-7	SNP6-24918561	6	24810582	HDGFP1	23	130780647
1.90271E-7	rs2347807	18	2751925	MORF4L1P6	23	72694399
1.90271E-7	rs2347807	18	2751925	RN7SKP122	5	107146330
1.90271E-7	rs2347807	18	2751925	PCMTD1P1	24	10011462
1.90271E-7	rs2347807	18	2751925	RN7SL681P	4	88308326
1.90271E-7	SNP18-2719177	18	2729177	IGHJ6	14	106329468
1.90271E-7	SNP18-2719177	18	2729177	OR8H2	11	55872519
1.90887E-7	SNP18-2724200	18	2734200	RN7SKP287	11	43456947
1.98219E-7	rs11027	5	175936516	WDR26	1	224624735
2.0253E-7	rs8092725	18	2738259	MRPL22P1	4	57187497
2.0253E-7	rs763361	18	67531642	DOK6	18	67068284
2.0253E-7	rs2304859	18	2750477	PDIA3P1	1	146649692
2.0253E-7	SNP18-65678681	18	67527701	DOK6	18	67068284
2.0253E-7	SNP18-2730714	18	2740714	PDIA3P1	1	146649692
2.0253E-7	rs2347807	18	2751925	PDIA3P1	1	146649692
2.0253E-7	SNP18-2719177	18	2729177	MRPL22P1	4	57187497
2.02748E-7	rs2304859	18	2750477	RPS19P1	20	18485277
2.02748E-7	SNP18-2730714	18	2740714	RPS19P1	20	18485277
2.02748E-7	rs2347807	18	2751925	RPS19P1	20	18485277
2.03622E-7	SNP18-2724200	18	2734200	APOOP2	3	87643988
2.03622E-7	SNP18-2724200	18	2734200	RN7SL481P	7	142995610
2.03622E-7	SNP18-2724200	18	2734200	NDUFA3P2	11	68256308
2.10973E-7	rs7949751	11	118072373	GINS2	16	85722605
2.15783E-7	rs2304859	18	2750477	RPL32P26	12	63052603
2.15783E-7	rs2304859	18	2750477	RPL39P28	12	68395328
2.15783E-7	rs2304859	18	2750477	CYCSP20	7	128757881
2.15783E-7	rs2624	1	89518623	SLC2A5	1	9148537
2.15783E-7	rs3812848	13	75859948	RN7SKP176	16	81993524
2.15783E-7	rs3812848	13	75859948	KRTAP19-7	21	31933633
2.15783E-7	SNP1-159988828	1	161722204	RPL7P61	2	164009817
2.15783E-7	SNP18-2730714	18	2740714	RPL32P26	12	63052603
2.15783E-7	SNP18-2730714	18	2740714	RPL39P28	12	68395328
2.15783E-7	SNP18-2730714	18	2740714	CYCSP20	7	128757881
2.15783E-7	SNP6-24918561	6	24810582	NUTF2P7	23	70236755
2.15783E-7	rs2347807	18	2751925	RPL32P26	12	63052603
2.15783E-7	rs2347807	18	2751925	RPL39P28	12	68395328
2.15783E-7	rs2347807	18	2751925	CYCSP20	7	128757881
2.15783E-7	SNP18-2690204	18	2700204	ENPP7P12	8	12063898
2.16015E-7	rs8092725	18	2738259	PTCD2P2	10	90636207
2.16015E-7	rs4712860	6	24837206	KRTAP20-3	21	32015183
2.16015E-7	rs2304859	18	2750477	CRB3P1	3	1436132
2.16015E-7	SNP18-2730714	18	2740714	CRB3P1	3	1436132
2.16015E-7	rs2347807	18	2751925	CRB3P1	3	1436132
2.16015E-7	SNP18-2719177	18	2729177	PTCD2P2	10	90636207
2.16479E-7	SNP18-2724200	18	2734200	E2F6P4	23	135180507
2.16711E-7	SNP18-2724200	18	2734200	FNDC10	1	1535476
2.16711E-7	SNP18-2724200	18	2734200	PUDPP1	24	17567954
2.16711E-7	SNP18-2724200	18	2734200	UFSP1	7	100487339
2.24518E-7	rs11027	5	175936516	DLEU2	13	50699856
2.24518E-7	rs9379692	6	24809771	NUTF2P7	23	70236755
2.24518E-7	rs9379692	6	24809771	ARHGDIG	16	318726
2.26936E-7	rs3817155	16	84156755	DENND1B	1	197744826
2.2718E-7	SNP3-33884615	3	33909611	PDCD6IPP2	15	29034810
2.29626E-7	rs8092725	18	2738259	TTTY20	24	9172441
2.29626E-7	rs4712860	6	24837206	SCARNA23	23	24762558
2.29626E-7	rs2304859	18	2750477	MRPL22P1	4	57187497
2.29626E-7	rs2304859	18	2750477	HIST1H4PS1	6	27774853
2.29626E-7	rs3812848	13	75859948	DUX4L45	16	33939259
2.29626E-7	SNP18-2730714	18	2740714	MRPL22P1	4	57187497
2.29626E-7	SNP18-2730714	18	2740714	HIST1H4PS1	6	27774853
2.29626E-7	rs2347807	18	2751925	MRPL22P1	4	57187497
2.29626E-7	rs2347807	18	2751925	HIST1H4PS1	6	27774853
2.29626E-7	SNP18-2719177	18	2729177	TTTY20	24	9172441
2.29872E-7	SNP2-68815641	2	68962137	TPRX2P	19	48364034
2.29872E-7	rs8092725	18	2738259	DUX4L45	16	33939259
2.29872E-7	rs2304859	18	2750477	OR4P1P	11	55450715
2.29872E-7	rs1064753	18	32916162	GP6	19	55549632
2.29872E-7	rs3812848	13	75859948	MORF4L1P6	23	72694399
2.29872E-7	rs3812848	13	75859948	HMGN1P37	23	154045676
2.29872E-7	rs3812848	13	75859948	UQCRBP1	23	56764010
2.29872E-7	SNP18-2730714	18	2740714	OR4P1P	11	55450715
2.29872E-7	rs2347807	18	2751925	OR4P1P	11	55450715
2.29872E-7	SNP18-2719177	18	2729177	DUX4L45	16	33939259
2.39157E-7	rs11966349	6	170162537	MTND3P17	2	203482007
